250.00000000	0.05
249.23339349	0.05
248.46913772	0.05
247.70722548	0.05
246.94764959	0.05
246.19040288	0.05
245.43547822	0.05
244.68286847	0.05
243.93256655	0.05
243.18456537	0.05
242.43885789	0.05
241.69543706	0.05
240.95429587	0.05
240.21542734	0.05
239.47882450	0.05
238.74448039	0.05
238.01238810	0.05
237.28254071	0.05
236.55493135	0.05
235.82955314	0.05
235.10639926	0.05
234.38546287	0.05
233.66673718	0.05
232.95021541	0.05
232.23589080	0.05
231.52375661	0.05
230.81380613	0.05
230.10603267	0.05
229.40042953	0.05
228.69699008	0.05
227.99570767	0.05
227.29657569	0.05
226.59958755	0.05
225.90473667	0.05
225.21201650	0.05
224.52142051	0.05
223.83294218	0.05
223.14657501	0.05
222.46231254	0.05
221.78014831	0.05
221.10007588	0.05
220.42208885	0.05
219.74618082	0.05
219.07234540	0.05
218.40057625	0.05
217.73086704	0.05
217.06321143	0.05
216.39760315	0.05
215.73403590	0.05
215.07250343	0.05
214.41299950	0.05
213.75551790	0.05
213.10005241	0.05
212.44659686	0.05
211.79514508	0.05
211.14569093	0.05
210.49822828	0.05
209.85275103	0.05
209.20925308	0.05
208.56772838	0.05
207.92817086	0.05
207.29057450	0.05
206.65493329	0.05
206.02124122	0.05
205.38949231	0.05
204.75968062	0.05
204.13180021	0.05
203.50584513	0.05
202.88180951	0.05
202.25968744	0.05
201.63947307	0.05
201.02116054	0.05
200.40474401	0.05
199.79021768	0.05
199.17757576	0.05
198.56681245	0.05
197.95792200	0.05
197.35089867	0.05
196.74573673	0.05
196.14243048	0.05
195.54097422	0.05
194.94136229	0.05
194.34358901	0.05
193.74764877	0.05
193.15353593	0.05
192.56124490	0.05
191.97077008	0.05
191.38210591	0.05
190.79524683	0.05
190.21018732	0.05
189.62692184	0.05
189.04544491	0.05
188.46575103	0.05
187.88783474	0.05
187.31169059	0.05
186.73731315	0.05
186.16469698	0.05
185.59383671	0.05
185.02472693	0.05
184.45736229	0.05
183.89173743	0.05
183.32784701	0.05
182.76568573	0.05
182.20524827	0.05
181.64652935	0.05
181.08952370	0.05
180.53422606	0.05
179.98063121	0.05
179.42873391	0.05
178.87852897	0.05
178.33001119	0.05
177.78317539	0.05
177.23801643	0.05
176.69452916	0.05
176.15270846	0.05
175.61254920	0.05
175.07404630	0.05
174.53719469	0.05
174.00198929	0.05
173.46842505	0.05
172.93649696	0.05
172.40619998	0.05
171.87752911	0.05
171.35047938	0.05
170.82504581	0.05
170.30122344	0.05
169.77900733	0.05
169.25839256	0.05
168.73937421	0.05
168.22194740	0.05
167.70610724	0.05
167.19184886	0.05
166.67916742	0.05
166.16805808	0.05
165.65851602	0.05
165.15053643	0.05
164.64411452	0.05
164.13924552	0.05
163.63592466	0.05
163.13414720	0.05
162.63390840	0.05
162.13520354	0.05
161.63802793	0.05
161.14237687	0.05
160.64824569	0.05
160.15562972	0.05
159.66452433	0.05
159.17492487	0.05
158.68682673	0.05
158.20022532	0.05
157.71511602	0.05
157.23149428	0.05
156.74935553	0.05
156.26869522	0.05
155.78950883	0.05
155.31179182	0.05
154.83553969	0.05
154.36074796	0.05
153.88741214	0.05
153.41552777	0.05
152.94509040	0.05
152.47609559	0.05
152.00853892	0.05
151.54241598	0.05
151.07772236	0.05
150.61445370	0.05
150.15260561	0.05
149.69217375	0.05
149.23315377	0.05
148.77554134	0.05
148.31933215	0.05
147.86452188	0.05
147.41110626	0.05
146.95908100	0.05
146.50844185	0.05
146.05918454	0.05
145.61130486	0.05
145.16479856	0.05
144.71966144	0.05
144.27588930	0.05
143.83347795	0.05
143.39242323	0.05
142.95272097	0.05
142.51436702	0.05
142.07735725	0.05
141.64168754	0.05
141.20735378	0.05
140.77435187	0.05
140.34267773	0.05
139.91232729	0.05
139.48329648	0.05
139.05558127	0.05
138.62917761	0.05
138.20408149	0.05
137.78028889	0.05
137.35779583	0.05
136.93659830	0.05
136.51669235	0.05
136.09807401	0.05
135.68073933	0.05
135.26468437	0.05
134.84990522	0.05
134.43639796	0.05
134.02415869	0.05
133.61318352	0.05
133.20346857	0.05
132.79500998	0.05
132.38780390	0.05
131.98184649	0.05
131.57713392	0.05
131.17366237	0.05
130.77142803	0.05
130.37042712	0.05
129.97065585	0.05
129.57211044	0.05
129.17478715	0.05
128.77868221	0.05
128.38379191	0.05
127.99011250	0.05
127.59764029	0.05
127.20637156	0.05
126.81630263	0.05
126.42742981	0.05
126.03974945	0.05
125.65325788	0.05
125.26795145	0.05
124.88382654	0.05
124.50087952	0.05
124.11910678	0.05
123.73850472	0.05
123.35906975	0.05
122.98079828	0.05
122.60368676	0.05
122.22773162	0.05
121.85292932	0.05
121.47927632	0.05
121.10676910	0.05
120.73540415	0.05
120.36517796	0.05
119.99608705	0.05
119.62812792	0.05
119.26129711	0.05
118.89559116	0.05
118.53100662	0.05
118.16754006	0.05
117.80518803	0.05
117.44394714	0.05
117.08381396	0.05
116.72478510	0.05
116.36685718	0.05
116.01002682	0.05
115.65429065	0.05
115.29964532	0.05
114.94608748	0.05
114.59361380	0.05
114.24222096	0.05
113.89190564	0.05
113.54266453	0.05
113.19449435	0.05
112.84739180	0.05
112.50135362	0.05
112.15637654	0.05
111.81245730	0.05
111.46959267	0.05
111.12777941	0.05
110.78701429	0.05
110.44729410	0.05
110.10861564	0.05
109.77097571	0.05
109.43437113	0.05
109.09879873	0.05
108.76425533	0.05
108.43073778	0.05
108.09824294	0.05
107.76676768	0.05
107.43630885	0.05
107.10686336	0.05
106.77842808	0.05
106.45099993	0.05
106.12457581	0.05
105.79915264	0.05
105.47472736	0.05
105.15129691	0.05
104.82885824	0.05
104.50740829	0.05
104.18694406	0.05
103.86746250	0.05
103.54896060	0.05
103.23143537	0.05
102.91488381	0.05
102.59930293	0.05
102.28468975	0.05
101.97104132	0.05
101.65835466	0.05
101.34662683	0.05
101.03585489	0.05
100.72603592	0.05
100.41716698	0.05
100.10924516	0.05
99.80226756	0.05
99.49623129	0.05
99.19113345	0.05
98.88697118	0.05
98.58374159	0.05
98.28144184	0.05
97.98006907	0.05
97.67962043	0.05
97.38009310	0.05
97.08148424	0.05
96.78379105	0.05
96.48701071	0.05
96.19114043	0.05
95.89617741	0.05
95.60211887	0.05
95.30896204	0.05
95.01670416	0.05
94.72534246	0.05
94.43487420	0.05
94.14529665	0.05
93.85660706	0.05
93.56880271	0.05
93.28188090	0.05
92.99583891	0.05
92.71067404	0.05
92.42638362	0.05
92.14296495	0.05
91.86041536	0.05
91.57873219	0.05
91.29791278	0.05
91.01795448	0.05
90.73885465	0.05
90.46061066	0.05
90.18321989	0.05
89.90667972	0.0503062
89.63098753	0.0512237
89.35614074	0.0521579
89.08213674	0.0531091
88.80897295	0.0540777
88.53664681	0.055064
88.26515572	0.0560682
87.99449715	0.0570908
87.72466853	0.058132
87.45566732	0.0591922
87.18749099	0.0602717
86.92013699	0.0613709
86.65360282	0.0624902
86.38788596	0.0636299
86.12298389	0.0647904
85.85889413	0.065972
85.59561418	0.0671752
85.33314156	0.0684003
85.07147379	0.0696478
84.81060841	0.070918
84.55054295	0.0722114
84.29127496	0.0735284
84.03280200	0.0748694
83.77512163	0.0762348
83.51823141	0.0776252
83.26212893	0.0790409
83.00681177	0.0804824
82.75227752	0.0819502
82.49852378	0.0834448
82.24554816	0.0849667
81.99334827	0.0865163
81.74192173	0.0880942
81.49126617	0.0897008
81.24137923	0.0913368
80.99225854	0.0930025
80.74390177	0.0946987
80.49630657	0.0964258
80.24947060	0.0981844
80.00339153	0.0999751
79.75806705	0.101585
79.51349483	0.103217
79.26967258	0.104876
79.02659799	0.106561
78.78426877	0.108273
78.54268264	0.110013
78.30183731	0.111781
78.06173051	0.113578
77.82235999	0.115403
77.58372348	0.117257
77.34581873	0.119141
77.10864349	0.121056
76.87219554	0.123001
76.63647264	0.124978
76.40147256	0.126986
76.16719310	0.129027
75.93363203	0.1311
75.70078716	0.133207
75.46865630	0.135348
75.23723724	0.137523
75.00652782	0.139733
74.77652585	0.141978
74.54722916	0.14426
74.31863560	0.146578
74.09074300	0.148933
73.86354921	0.151327
73.63705210	0.153758
73.41124952	0.156229
73.18613936	0.15874
72.96171947	0.161291
72.73798775	0.163883
72.51494209	0.166516
72.29258039	0.169192
72.07090053	0.171911
71.84990045	0.174673
71.62957804	0.17748
71.40993124	0.180332
71.19095796	0.18323
70.97265615	0.186175
70.75502375	0.189167
70.53805870	0.192206
70.32175896	0.195295
70.10612249	0.198433
69.89114725	0.20082
69.67683121	0.202449
69.46317236	0.204091
69.25016868	0.205747
69.03781816	0.207415
68.82611880	0.209098
68.61506859	0.210794
68.40466556	0.212503
68.19490771	0.214227
67.98579307	0.215964
67.77731966	0.217716
67.56948552	0.219482
67.36228869	0.221262
67.15572722	0.223057
66.94979914	0.224866
66.74450254	0.22669
66.53983546	0.228528
66.33579597	0.230382
66.13238216	0.23225
65.92959210	0.234134
65.72742388	0.236033
65.52587559	0.237948
65.32494534	0.239877
65.12463123	0.241823
64.92493136	0.243784
64.72584386	0.245762
64.52736685	0.247755
64.32949845	0.249765
64.13223680	0.25179
63.93558004	0.253833
63.73952631	0.255891
63.54407376	0.257967
63.34922056	0.260059
63.15496486	0.262168
62.96130483	0.264295
62.76823865	0.266438
62.57576448	0.268599
62.38388053	0.270778
62.19258497	0.272974
62.00187601	0.275188
61.81175184	0.27742
61.62221068	0.27967
61.43325072	0.281939
61.24487020	0.284225
61.05706734	0.286531
60.86984036	0.288855
60.68318749	0.291197
60.49710698	0.293559
60.31159708	0.29594
60.12665603	0.298341
59.94228208	0.300512
59.75847351	0.302151
59.57522857	0.3038
59.39254553	0.305457
59.21042269	0.307124
59.02885830	0.308799
58.84785067	0.310484
58.66739809	0.312178
58.48749885	0.313881
58.30815126	0.315594
58.12935363	0.317315
57.95110426	0.319047
57.77340149	0.320787
57.59624363	0.322537
57.41962900	0.324297
57.24355596	0.326066
57.06802283	0.327845
56.89302795	0.329634
56.71856969	0.331432
56.54464639	0.33324
56.37125641	0.335058
56.19839813	0.336886
56.02606989	0.338724
55.85427009	0.340572
55.68299710	0.34243
55.51224931	0.344299
55.34202510	0.346177
55.17232288	0.348066
55.00314103	0.349965
54.83447796	0.351481
54.66633209	0.352997
54.49870183	0.354519
54.33158559	0.356047
54.16498180	0.357583
53.99888889	0.359125
53.83330529	0.360673
53.66822944	0.362228
53.50365978	0.36379
53.33959476	0.365359
53.17603284	0.366934
53.01297247	0.368517
52.85041211	0.370106
52.68835023	0.371702
52.52678530	0.373304
52.36571580	0.374914
52.20514020	0.376531
52.04505700	0.378154
51.88546468	0.379785
51.72636174	0.381422
51.56774668	0.383067
51.40961799	0.384719
51.25197420	0.386378
51.09481381	0.388044
50.93813534	0.389717
50.78193732	0.391398
50.62621826	0.393085
50.47097671	0.39478
50.31621119	0.396483
50.16192025	0.398192
50.00810243	0.399909
49.85475628	0.413872
49.70188036	0.429039
49.54947322	0.444763
49.39753342	0.459782
49.24605954	0.474672
49.09505014	0.490045
48.94450380	0.5
48.79441910	0.5
48.64479462	0.5
48.49562895	0.5
48.34692069	0.5
48.19866844	0.5
48.05087078	0.5
47.90352634	0.5
47.75663372	0.5
47.61019154	0.5
47.46419840	0.5
47.31865295	0.5
47.17355380	0.5
47.02889959	0.5
46.88468894	0.5
46.74092051	0.5
46.59759293	0.5
46.45470486	0.5
46.31225494	0.5
46.17024184	0.5
46.02866421	0.5
45.88752071	0.5
45.74681002	0.5
45.60653081	0.5
45.46668176	0.5
45.32726154	0.5
45.18826885	0.5
45.04970236	0.5
44.91156078	0.480737
44.77384280	0.452137
44.63654712	0.425239
44.49967245	0.400058
44.36321750	0.425072
44.22718097	0.45165
44.09156159	0.47989
43.95635808	0.5
43.82156916	0.5
43.68719355	0.5
43.55323001	0.5
43.41967725	0.5
43.28653402	0.5
43.15379906	0.5
43.02147113	0.5
42.88954897	0.5
42.75803134	0.5
42.62691700	0.5
42.49620471	0.5
42.36589324	0.5
42.23598136	0.5
42.10646785	0.5
41.97735148	0.5
41.84863103	0.5
41.72030530	0.5
41.59237307	0.5
41.46483313	0.5
41.33768429	0.5
41.21092534	0.5
41.08455508	0.5
40.95857233	0.5
40.83297590	0.5
40.70776460	0.5
40.58293725	0.5
40.45849267	0.5
40.33442969	0.5
40.21074715	0.5
40.08744387	0.5
39.96451868	0.5
39.84197044	0.5
39.71979799	0.5
39.59800016	0.5
39.47657582	0.5
39.35552382	0.5
39.23484302	0.5
39.11453227	0.5
38.99459045	0.5
38.87501643	0.5
38.75580906	0.5
38.63696724	0.5
38.51848984	0.5
38.40037574	0.5
38.28262382	0.5
38.16523299	0.5
38.04820212	0.5
37.93153013	0.5
37.81521589	0.5
37.69925833	0.5
37.58365634	0.5
37.46840884	0.5
37.35351473	0.5
37.23897294	0.5
37.12478239	0.5
37.01094199	0.5
36.89745067	0.5
36.78430737	0.5
36.67151101	0.5
36.55906053	0.5
36.44695488	0.5
36.33519298	0.5
36.22377380	0.5
36.11269628	0.5
36.00195936	0.5
35.89156202	0.5
35.78150320	0.5
35.67178186	0.5
35.56239698	0.5
35.45334752	0.5
35.34463245	0.5
35.23625075	0.5
35.12820139	0.5
35.02048336	0.5
34.91309564	0.5
34.80603721	0.5
34.69930708	0.5
34.59290422	0.5
34.48682763	0.5
34.38107633	0.5
34.27564930	0.5
34.17054555	0.5
34.06576410	0.5
33.96130396	0.5
33.85716413	0.5
33.75334364	0.5
33.64984151	0.5
33.54665676	0.5
33.44378841	0.5
33.34123551	0.5
33.23899708	0.5
33.13707215	0.5
33.03545977	0.5
32.93415897	0.5
32.83316881	0.5
32.73248833	0.5
32.63211657	0.5
32.53205260	0.5
32.43229547	0.5
32.33284423	0.5
32.23369795	0.5
32.13485570	0.5
32.03631654	0.5
31.93807955	0.5
31.84014379	0.5
31.74250834	0.5
31.64517229	0.5
31.54813471	0.5
31.45139469	0.5
31.35495131	0.5
31.25880367	0.5
31.16295086	0.5
31.06739198	0.5
30.97212612	0.5
30.87715238	0.5
30.78246988	0.5
30.68807771	0.5
30.59397499	0.5
30.50016083	0.5
30.40663434	0.5
30.31339464	0.5
30.22044086	0.5
30.12777211	0.5
30.03538753	0.5
29.94328623	0.5
29.85146736	0.5
29.75993004	0.5
29.66867342	0.5
29.57769662	0.5
29.48699881	0.5
29.39657910	0.5
29.30643667	0.5
29.21657065	0.5
29.12698019	0.5
29.03766446	0.5
28.94862261	0.5
28.85985380	0.5
28.77135719	0.5
28.68313195	0.5
28.59517725	0.5
28.50749226	0.5
28.42007614	0.5
28.33292808	0.5
28.24604725	0.5
28.15943283	0.5
28.07308401	0.5
27.98699998	0.5
27.90117991	0.5
27.81562301	0.5
27.73032846	0.5
27.64529545	0.5
27.56052320	0.5
27.47601089	0.5
27.39175774	0.5
27.30776294	0.5
27.22402570	0.5
27.14054524	0.5
27.05732077	0.5
26.97435149	0.5
26.89163664	0.5
26.80917542	0.5
26.72696707	0.5
26.64501080	0.5
26.56330585	0.5
26.48185143	0.514427
26.40064679	0.584393
26.31969116	0.663875
26.23898378	0.754167
26.15852387	0.856739
26.07831069	0.973261
25.99834348	1.10563
25.91862148	0.809003
25.83914395	0.187744
25.75991012	0.100364
25.68091926	0.0799605
25.60217063	0.0818094
25.52366346	0.105777
25.44539704	0.224542
25.36737061	1.66638
25.28958344	0.611732
25.21203480	1.12495
25.13472396	1.12495
25.05765019	1.33505
24.98081276	1.00964
24.90421094	0.189735
24.82784402	0.0820442
24.75171128	0.0583212
24.67581198	0.0625299
24.60014543	0.0445718
24.52471090	0.0391867
24.44950769	0.0370847
24.37453508	0.0377073
24.29979237	0.041649
24.22527886	0.0500043
24.15099383	0.0714651
24.07693660	0.13389
24.00310645	0.301428
23.92950270	1.12495
23.85612465	1.12495
23.78297161	1.57577
23.71004288	0.310337
23.63733779	0.989557
23.56485564	0.195363
23.49259575	0.243467
23.42055745	0.103559
23.34874004	0.0507055
23.27714285	0.0551342
23.20576522	0.402177
23.13460645	0.0774338
23.06366589	0.0416258
22.99294287	0.0979887
22.92243671	0.189768
22.85214675	0.0615652
22.78207233	0.0392682
22.71221279	0.085246
22.64256747	0.71428
22.57313571	0.394627
22.50391686	0.256327
22.43491026	0.0602709
22.36611527	0.44098
22.29753123	0.0376549
22.22915750	0.0430336
22.16099343	0.0606124
22.09303839	0.640434
22.02529172	0.125934
21.95775279	0.219227
21.89042097	0.984773
21.82329561	0.932664
21.75637609	0.142866
21.68966177	0.241038
21.62315202	0.0434861
21.55684623	0.0419141
21.49074375	0.026559
21.42484398	0.0956055
21.35914628	0.329812
21.29365003	0.0921089
21.22835463	0.132709
21.16325945	0.917827
21.09836388	0.179926
21.03366731	0.043321
20.96916912	0.0457919
20.90486872	0.0205988
20.84076548	0.0239363
20.77685882	0.0448684
20.71314811	0.116241
20.64963278	0.335391
20.58631221	0.167802
20.52318580	0.0245305
20.46025297	0.0431655
20.39751312	0.079253
20.33496565	0.602769
20.27260998	0.035068
20.21044552	0.0193183
20.14847169	0.0130714
20.08668789	0.0155383
20.02509355	0.020048
19.96368808	0.229899
19.90247090	0.230072
19.84144145	0.42963
19.78059914	0.0858021
19.71994339	0.829591
19.65947364	0.0428513
19.59918932	0.0371532
19.53908986	0.0359185
19.47917468	0.018097
19.41944323	0.0472698
19.35989495	0.173144
19.30052926	0.206458
19.24134561	0.127438
19.18234345	0.0318848
19.12352221	0.0202842
19.06488135	0.0575663
19.00642030	0.299845
18.94813851	0.0351707
18.89003545	0.0148197
18.83211055	0.0113856
18.77436328	0.0141687
18.71679308	0.0206824
18.65939942	0.0543288
18.60218175	0.0323575
18.54513954	0.01302
18.48827224	0.0401016
18.43157932	0.0191439
18.37506024	0.05202
18.31871448	0.125168
18.26254150	0.0406291
18.20654076	0.0357684
18.15071175	0.0395528
18.09505394	0.0146354
18.03956679	0.0592316
17.98424979	0.0264529
17.92910242	0.0185205
17.87412416	0.01352
17.81931448	0.018096
17.76467287	0.0346736
17.71019881	0.025569
17.65589179	0.0513536
17.60175131	0.451459
17.54777684	0.236297
17.49396788	0.0242929
17.44032392	0.0196867
17.38684446	0.0646807
17.33352898	0.0417527
17.28037700	0.0302711
17.22738800	0.931577
17.17456149	0.117166
17.12189697	0.695975
17.06939394	0.0793361
17.01705190	0.0456232
16.96487037	0.348581
16.91284885	0.155142
16.86098685	0.0761894
16.80928388	0.111352
16.75773945	0.201863
16.70635309	0.196285
16.65512429	0.510126
16.60405258	0.232812
16.55313748	0.0995852
16.50237851	0.116707
16.45177519	0.227614
16.40132703	0.308558
16.35103358	0.710666
16.30089434	0.237536
16.25090886	0.323612
16.20107665	1.02847
16.15139724	0.449269
16.10187018	0.367276
16.05249498	1.12498
16.00327119	0.798509
15.95419835	0.391348
15.90527598	0.604821
15.85650362	0.849794
15.80788083	1.5335
15.75940713	1.0247
15.71108207	1.38415
15.66290520	1.17759
15.61487606	1.92601
15.56699420	1.1274
15.51925916	1.12495
15.47167050	1.12495
15.42422777	1.12495
15.37693051	1.12495
15.32977829	1.12495
15.28277066	1.12495
15.23590718	1.12495
15.18918739	1.12495
15.14261087	1.12495
15.09617718	1.12495
15.04988587	1.12495
15.00373650	1.12495
14.95772866	1.12495
14.91186189	1.12495
14.86613577	1.12495
14.82054986	1.12495
14.77510374	1.12495
14.72979698	1.12495
14.68462914	1.12495
14.63959981	1.12495
14.59470856	1.12495
14.54995497	1.12495
14.50533861	1.12495
14.46085906	1.12495
14.41651590	1.12495
14.37230873	1.12498
14.32823710	1.12496
14.28430062	1.12497
14.24049887	1.12497
14.19683144	0.869318
14.15329790	0.49904
14.10989786	0.383719
14.06663090	0.287806
14.02349662	0.595391
13.98049460	0.25231
13.93762445	0.338257
13.89488576	0.755037
13.85227812	0.865994
13.80980113	0.953516
13.76745440	0.128435
13.72523751	0.252432
13.68315009	0.302312
13.64119172	0.459636
13.59936201	0.488126
13.55766058	0.0998302
13.51608701	0.0735547
13.47464093	0.0660768
13.43332194	0.0881123
13.39212965	0.355428
13.35106368	0.949357
13.31012363	0.0754466
13.26930912	0.0414033
13.22861976	0.0244713
13.18805518	0.017447
13.14761498	0.0140311
13.10729879	0.0115169
13.06710623	0.0106854
13.02703692	0.0106595
12.98709047	0.0103958
12.94726652	0.0132846
12.90756468	0.024569
12.86798459	0.0119238
12.82852587	0.0117734
12.78918814	0.0187278
12.74997104	0.0251779
12.71087420	0.0116782
12.67189724	0.0084159
12.63303981	0.00882289
12.59430152	0.0124617
12.55568203	0.0180299
12.51718096	0.00811429
12.47879795	0.0063356
12.44053264	0.00564994
12.40238467	0.00523201
12.36435367	0.00518863
12.32643929	0.00512919
12.28864118	0.00612842
12.25095897	0.00696452
12.21339231	0.00439574
12.17594085	0.00410877
12.13860422	0.0043038
12.10138209	0.00449498
12.06427410	0.00384264
12.02727989	0.00363327
11.99039913	0.00356646
11.95363146	0.0036848
11.91697653	0.00443705
11.88043400	0.00372633
11.84400353	0.00315565
11.80768477	0.00307238
11.77147738	0.00311417
11.73538101	0.00317359
11.69939533	0.00313081
11.66352000	0.00280785
11.62775468	0.00271327
11.59209903	0.00279623
11.55655272	0.00301685
11.52111540	0.00263645
11.48578676	0.00249187
11.45056644	0.00244837
11.41545412	0.00237641
11.38044948	0.00235758
11.34555217	0.00236068
11.31076187	0.00237946
11.27607826	0.00233203
11.24150100	0.00223515
11.20702977	0.0020995
11.17266424	0.00205803
11.13840409	0.00203542
11.10424900	0.00201979
11.07019864	0.00194963
11.03625270	0.00208389
11.00241084	0.0022579
10.96867276	0.00191983
10.93503814	0.00179924
10.90150665	0.00177767
10.86807799	0.00179815
10.83475183	0.00198186
10.80152787	0.00214779
10.76840578	0.00177329
10.73538526	0.00172165
10.70246599	0.00179685
10.66964767	0.00175568
10.63692999	0.00173338
10.60431263	0.0017234
10.57179529	0.00172307
10.53937766	0.00168473
10.50705944	0.00161596
10.47484032	0.00213597
10.44271999	0.00223296
10.41069817	0.00170777
10.37877453	0.00159111
10.34694879	0.00175832
10.31522063	0.00271065
10.28358977	0.00244345
10.25205590	0.00206686
10.22061873	0.00460804
10.18927796	0.00544362
10.15803329	0.00372013
10.12688443	0.00445345
10.09583109	0.0097149
10.06487297	0.0680984
10.03400978	0.0958005
10.00324124	0.0670441
9.97256704	0.0330181
9.94198690	0.0421228
9.91150053	0.175675
9.88110765	0.10136
9.85080796	0.0439814
9.82060119	0.0588303
9.79048704	0.103367
9.76046523	0.240619
9.73053549	0.127628
9.70069752	0.0625888
9.67095105	0.120252
9.64129579	0.192905
9.61173147	0.250855
9.58225781	0.171509
9.55287452	0.10185
9.52358134	0.128369
9.49437798	0.198517
9.46526417	0.44581
9.43623964	0.162047
9.40730411	0.0204871
9.37845731	0.0378963
9.34969896	0.0732803
9.32102880	0.0408234
9.29244656	0.0255907
9.26395196	0.0189488
9.23554473	0.0155182
9.20722462	0.013395
9.17899134	0.010703
9.15084465	0.00781834
9.12278426	0.0030254
9.09480991	0.00242776
9.06692135	0.00884423
9.03911831	0.0169189
9.01140052	0.0182008
8.98376773	0.00816843
8.95621967	0.00261814
8.92875608	0.00235137
8.90137671	0.00235735
8.87408130	0.0023937
8.84686958	0.00339635
8.81974131	0.0138802
8.79269623	0.0220513
8.76573408	0.00813186
8.73885460	0.00462239
8.71205755	0.00383469
8.68534267	0.00716019
8.65870971	0.0201315
8.63215842	0.0142464
8.60568854	0.00690693
8.57929983	0.0071746
8.55299204	0.0081566
8.52676493	0.00883994
8.50061823	0.0094183
8.47455171	0.00827102
8.44856513	0.00689294
8.42265823	0.00432589
8.39683077	0.00307182
8.37108251	0.00338543
8.34541320	0.0032206
8.31982261	0.00206855
8.29431049	0.00233253
8.26887660	0.00904121
8.24352070	0.0176844
8.21824256	0.00933467
8.19304192	0.00600841
8.16791856	0.00550451
8.14287225	0.00498426
8.11790273	0.00442224
8.09300978	0.00824262
8.06819317	0.058467
8.04345265	0.171896
8.01878800	0.0901489
7.99419898	0.0479974
7.96968536	0.0264468
7.94524690	0.0240552
7.92088339	0.0912197
7.89659459	0.261099
7.87238027	0.245647
7.84824019	0.214622
7.82417415	0.115008
7.80018189	0.063268
7.77626321	0.0592094
7.75241788	0.0554111
7.72864566	0.0996324
7.70494634	0.185564
7.68131969	0.19529
7.65776549	0.1839
7.63428352	0.124582
7.61087356	0.074104
7.58753538	0.0542305
7.56426876	0.0461906
7.54107349	0.0438617
7.51794934	0.048292
7.49489611	0.0584023
7.47191356	0.0926707
7.44900149	0.13947
7.42615968	0.108517
7.40338791	0.0844342
7.38068597	0.124143
7.35805364	0.198786
7.33549072	0.215279
7.31299698	0.192291
7.29057221	0.168308
7.26821621	0.143608
7.24592876	0.134597
7.22370966	0.183291
7.20155869	0.249603
7.17947564	0.514104
7.15746031	1.08544
7.13551249	0.732442
7.11363196	0.281147
7.09181854	0.208887
7.07007200	0.455861
7.04839215	0.937038
7.02677877	0.95751
7.00523168	0.978429
6.98375065	0.983889
6.96233550	0.984302
6.94098601	0.984714
6.91970199	0.985127
6.89848324	0.98554
6.87732955	0.985953
6.85624072	0.986366
6.83521657	0.986779
6.81425688	0.987193
6.79336147	0.987607
6.77253013	0.988021
6.75176266	0.988435
6.73105888	0.988849
6.71041859	0.989264
6.68984159	0.989678
6.66932768	0.990093
6.64887668	0.990508
6.62848839	0.990923
6.60816262	0.991338
6.58789918	0.991754
6.56769788	0.99217
6.54755852	0.992585
6.52748091	0.993002
6.50746487	0.993418
6.48751022	0.993834
6.46761674	0.994251
6.44778428	0.994667
6.42801262	0.995084
6.40830160	0.995501
6.38865101	0.995919
6.36906069	0.996336
6.34953043	0.996754
6.33006007	0.997171
6.31064941	0.997589
6.29129827	0.998007
6.27200647	0.998426
6.25277382	0.998844
6.23360015	0.999263
6.21448528	0.999682
6.19542902	1.00066
6.17643120	1.00339
6.15749163	1.00613
6.13861013	1.00888
6.11978654	1.01163
6.10102067	1.01439
6.08231234	1.01716
6.06366138	1.01994
6.04506761	1.02273
6.02653086	1.02552
6.00805094	1.02832
5.98962770	1.03113
5.97126095	1.03395
5.95295052	1.03677
5.93469624	1.0396
5.91649793	1.04244
5.89835543	1.04529
5.88026856	1.04814
5.86223715	1.051
5.84426103	1.05387
5.82634004	1.05675
5.80847400	1.05964
5.79066274	1.06253
5.77290610	1.06543
5.75520391	1.06834
5.73755600	1.07126
5.71996221	1.07419
5.70242237	1.07712
5.68493631	1.08006
5.66750388	1.08301
5.65012490	1.08597
5.63279921	1.08894
5.61552664	1.09191
5.59830705	1.09489
5.58114025	1.09788
5.56402610	1.10395
5.54696442	1.11384
5.52995507	1.12382
5.51299787	0.914548
5.49609267	0.607131
5.47923931	0.403049
5.46243762	0.418946
5.44568746	0.628028
5.42898867	0.941455
5.41234107	0.825005
5.39574453	0.474274
5.37919888	0.272647
5.36270396	0.156096
5.34625963	0.0890594
5.32986572	0.0508121
5.31352208	0.039121
5.29722856	0.0408489
5.28098500	0.0426531
5.26479125	0.0450445
5.24864715	0.0483176
5.23255257	0.0518285
5.21650733	0.0597515
5.20051130	0.0804945
5.18456431	0.108438
5.16866623	0.12101
5.15281690	0.0580135
5.13701616	0.0278122
5.12126388	0.0135032
5.10555991	0.0133125
5.08990409	0.0131244
5.07429627	0.012939
5.05873632	0.0275815
5.04322408	0.069393
5.02775940	0.174588
5.01234215	0.143436
4.99697217	0.0551283
4.98164933	0.0211881
4.96637347	0.0114587
4.95114445	0.0121727
4.93596213	0.0129311
4.92082637	0.0137556
4.90573702	0.0150839
4.89069394	0.0165404
4.87569699	0.0181375
4.86074602	0.0236742
4.84584091	0.0331017
4.83098149	0.0462835
4.81616765	0.0523008
4.80139922	0.0402218
4.78667609	0.0309324
4.77199810	0.0237885
4.75736512	0.0488228
4.74277701	0.104325
4.72823364	0.222921
4.71373486	0.215863
4.69928054	0.103331
4.68487054	0.0494631
4.67050473	0.0249647
4.65618298	0.0284601
4.64190514	0.032445
4.62767108	0.0369878
4.61348067	0.051926
4.59933377	0.0861037
4.58523025	0.142777
4.57116998	0.235044
4.55715283	0.214349
4.54317866	0.195476
4.52924733	0.178264
4.51535873	0.180494
4.50151272	0.20998
4.48770916	0.244283
4.47394793	0.28419
4.46022890	0.399994
4.44655194	0.58919
4.43291692	0.867874
4.41932371	1.2056
4.40577218	1.18238
4.39226220	1.15961
4.37879366	1.13728
4.36536641	1.12495
4.35198034	1.12495
4.33863531	1.12495
4.32533121	1.12495
4.31206790	1.12495
4.29884526	1.12495
4.28566317	1.12495
4.27252150	1.12495
4.25942013	1.12495
4.24635893	1.12495
4.23333779	1.12495
4.22035657	1.10876
4.20741516	0.891884
4.19451343	0.717431
4.18165126	0.577101
4.16882854	0.458168
4.15604514	0.343336
4.14330093	0.257286
4.13059580	0.192802
4.11792964	0.148854
4.10530231	0.125279
4.09271371	0.105438
4.08016370	0.0887387
4.06765218	0.0758199
4.05517903	0.0673359
4.04274412	0.0598012
4.03034734	0.0531096
4.01798858	0.0471911
4.00566772	0.0419954
3.99338463	0.0373717
3.98113921	0.0332571
3.96893135	0.0300752
3.95676091	0.029272
3.94462780	0.0284903
3.93253189	0.0277295
3.92047307	0.0269756
3.90845123	0.0260067
3.89646625	0.0250726
3.88451803	0.0241721
3.87260644	0.0233039
3.86073138	0.0202553
3.84889273	0.0173388
3.83709038	0.0148423
3.82532423	0.0127053
3.81359416	0.0147092
3.80190005	0.0202289
3.79024181	0.0278199
3.77861931	0.0382594
3.76703245	0.0407683
3.75548113	0.0268337
3.74396522	0.0176619
3.73248463	0.0116251
3.72103924	0.00765164
3.70962895	0.00773515
3.69825365	0.00782523
3.68691323	0.00791636
3.67560758	0.00800855
3.66433660	0.0078963
3.65310018	0.00764972
3.64189822	0.00741084
3.63073061	0.00717942
3.61959724	0.00701798
3.60849802	0.00730054
3.59743282	0.00759447
3.58640156	0.00790024
3.57540413	0.00821832
3.56444041	0.00851472
3.55351032	0.00879775
3.54261374	0.00909019
3.53175058	0.00939235
3.52092073	0.00969776
3.51012409	0.00826235
3.49936055	0.0070394
3.48863002	0.00599746
3.47793239	0.00510975
3.46726757	0.00453272
3.45663545	0.00434147
3.44603594	0.0041583
3.43546892	0.00398286
3.42493431	0.00381481
3.41443200	0.00434701
3.40396190	0.00551456
3.39352390	0.00699572
3.38311791	0.00887469
3.37274383	0.0112583
3.36240156	0.0181049
3.35209100	0.0306291
3.34181207	0.0518172
3.33156465	0.0876625
3.32134865	0.148304
3.31116398	0.153575
3.30101054	0.155481
3.29088823	0.157412
3.28079697	0.159366
3.27073665	0.161396
3.26070718	0.167086
3.25070846	0.172976
3.24074040	0.179074
3.23080291	0.185387
3.22089589	0.191923
3.21101925	0.0801186
3.20117290	0.0333352
3.19135674	0.0138699
3.18157068	0.0057709
3.17181463	0.00240112
3.16208849	0.00240195
3.15239218	0.00264897
3.14272561	0.00292139
3.13308867	0.00322183
3.12348129	0.00355317
3.11390336	0.00464835
3.10435481	0.00649344
3.09483553	0.00907092
3.08534545	0.0126715
3.07588447	0.0177013
3.06645249	0.0237116
3.05704944	0.0302441
3.04767523	0.0385764
3.03832976	0.0492042
3.02901294	0.06276
3.01972470	0.0787273
3.01046494	0.0869704
3.00123357	0.0960767
2.99203051	0.106136
2.98285567	0.117249
2.97370896	0.129526
2.96459030	0.103054
2.95549960	0.0701595
2.94643678	0.0477649
2.93740175	0.0325185
2.92839443	0.0221387
2.91941472	0.0166151
2.91046255	0.0216619
2.90153784	0.0282416
2.89264048	0.0368199
2.88377042	0.0480039
2.87492755	0.0625849
2.86611179	0.0914712
2.85732307	0.148297
2.84856131	0.240425
2.83982640	0.389788
2.83111828	0.631941
2.82243687	1.02453
2.81378208	1.12746
2.80515382	1.12746
2.79655202	1.12746
2.78797660	1.12746
2.77942748	1.12746
2.77090457	1.12746
2.76240780	1.12746
2.75393708	1.12746
2.74549233	1.12746
2.73707348	1.12746
2.72868045	1.12746
2.72031315	1.12746
2.71197152	1.12746
2.70365546	1.12746
2.69536490	1.12746
2.68709976	1.12746
2.67885997	1.12746
2.67064544	1.12746
2.66245610	1.12746
2.65429188	1.12746
2.64615269	1.12746
2.63803846	1.12746
2.62994911	1.12746
2.62188456	1.12746
2.61384475	1.08543
2.60582959	1.03787
2.59783900	0.992389
2.58987292	0.948904
2.58193127	0.907324
2.57401397	0.867566
2.56612094	0.64086
2.55825212	0.390934
2.55040743	0.238476
2.54258680	0.145474
2.53479014	0.0887411
2.52701739	0.0541334
2.51926848	0.0343479
2.51154333	0.0262066
2.50384187	0.019995
2.49616402	0.0152557
2.48850972	0.0116397
2.48087889	0.00888079
2.47327146	0.00677582
2.46568736	0.00564051
2.45812651	0.00492292
2.45058884	0.00429663
2.44307429	0.00375001
2.43558279	0.00327293
2.42811425	0.00285655
2.42066862	0.00249314
2.41324582	0.00463252
2.40584578	0.00868656
2.39846843	0.0162884
2.39111371	0.0305427
2.38378153	0.0572714
2.37647184	0.107391
2.36918457	0.158577
2.36191964	0.0862857
2.35467699	0.0469503
2.34745654	0.0255469
2.34025824	0.0139007
2.33308201	0.00756376
2.32592779	0.00411564
2.31879550	0.0026528
2.31168509	0.00286043
2.30459648	0.0030843
2.29752960	0.0033257
2.29048440	0.00358598
2.28346080	0.00386664
2.27645873	0.00416927
2.26947814	0.0043072
2.26251895	0.00350645
2.25558111	0.00285457
2.24866453	0.00232387
2.24176917	0.00189184
2.23489495	0.00154013
2.22804181	0.0012538
2.22120969	0.00102071
2.21439851	0.001
2.20760822	0.001
2.20083875	0.001
2.19409004	0.001
2.18736203	0.001
2.18065465	0.001
2.17396783	0.001
2.16730152	0.001
2.16065565	0.001
2.15403016	0.001
2.14742498	0.001
2.14084006	0.001
2.13427534	0.001
2.12773074	0.001
2.12120621	0.001
2.11470169	0.00143039
2.10821711	0.00213851
2.10175242	0.00319721
2.09530755	0.00478001
2.08888244	0.00714641
2.08247704	0.0106843
2.07609128	0.0159737
2.06972510	0.0235378
2.06337844	0.0310409
2.05705124	0.0409359
2.05074345	0.0539852
2.04445499	0.0711942
2.03818582	0.0938889
2.03193588	0.123818
2.02570510	0.163288
2.01949342	0.192645
2.01330079	0.124311
2.00712716	0.0802162
2.00097245	0.0517624
1.99483662	0.0334015
1.98871960	0.0215535
1.98262133	0.0139082
1.97654177	0.00897475
1.97048085	0.00579128
1.96443852	0.00955535
1.95841471	0.0158668
1.95240938	0.0263471
1.94642246	0.0437498
1.94045390	0.0726473
1.93450364	0.120632
1.92857163	0.200312
1.92265781	0.332621
1.91676212	0.398719
1.91088451	0.391683
1.90502492	0.384772
1.89918331	0.377983
1.89335960	0.371313
1.88755375	0.364761
1.88176571	0.358325
1.87599541	0.352002
1.87024281	0.34812
1.86450785	0.430671
1.85879048	0.532799
1.85309063	0.659145
1.84740827	0.815453
1.84174333	1.00883
1.83609576	1.24806
1.83046551	1.54402
1.82485252	1.91016
1.81925674	1.96706
1.81367813	0.976866
1.80811662	0.485122
1.80257216	0.240917
1.79704471	0.119642
1.79153420	0.0594156
1.78604060	0.0295065
1.78056383	0.0146532
1.77510387	0.00727696
1.76966064	0.00388011
1.76423411	0.00334861
1.75882421	0.00288992
1.75343091	0.00249406
1.74805414	0.00215242
1.74269387	0.00185759
1.73735002	0.00160313
1.73202257	0.00138354
1.72671145	0.00119402
1.72141662	0.00103046
1.71613802	0.001
1.71087561	0.001
1.70562934	0.001
1.70039915	0.001
1.69518500	0.001
1.68998684	0.001
1.68480462	0.001
1.67963829	0.001
1.67448781	0.001
1.66935311	0.001
1.66423417	0.001
1.65913091	0.001
1.65404331	0.001
1.64897131	0.001
1.64391486	0.001
1.63887392	0.001
1.63384843	0.001
1.62883836	0.001
1.62384365	0.001
1.61886425	0.00110206
1.61390012	0.00154319
1.60895122	0.0021609
1.60401749	0.00302586
1.59909888	0.00423705
1.59419537	0.00593304
1.58930688	0.00830792
1.58443339	0.0116334
1.57957484	0.01629
1.57473119	0.0228105
1.56990240	0.0303256
1.56508841	0.0218867
1.56028918	0.0157961
1.55550467	0.0114004
1.55073483	0.00822797
1.54597962	0.00593832
1.54123898	0.00428582
1.53651289	0.00309318
1.53180128	0.00223242
1.52710413	0.00161119
1.52242138	0.00116283
1.51775299	0.00110211
1.51309891	0.00132068
1.50845910	0.0015826
1.50383352	0.00189646
1.49922213	0.00227257
1.49462488	0.00272327
1.49004172	0.00326335
1.48547262	0.00391054
1.48091752	0.00468608
1.47637640	0.00561543
1.47184920	0.00672908
1.46733588	0.00662783
1.46283641	0.00585697
1.45835073	0.00517577
1.45387880	0.00457379
1.44942059	0.00404183
1.44497605	0.00357174
1.44054514	0.00315632
1.43612781	0.00278922
1.43172403	0.00246482
1.42733376	0.00217814
1.42295694	0.00192481
1.41859355	0.00170094
1.41424354	0.00150311
1.40990687	0.00132829
1.40558349	0.0011738
1.40127337	0.00103728
1.39697647	0.001
1.39269275	0.001
1.38842216	0.001
1.38416466	0.001
1.37992023	0.001
1.37568880	0.001
1.37147035	0.001
1.36726484	0.001
1.36307222	0.001
1.35889246	0.001
1.35472552	0.001
1.35057136	0.001
1.34642993	0.001
1.34230120	0.001
1.33818513	0.001
1.33408169	0.001
1.32999082	0.001
1.32591251	0.001
1.32184669	0.001
1.31779335	0.001
1.31375243	0.001
1.30972391	0.001
1.30570774	0.001
1.30170388	0.001
1.29771230	0.001
1.29373296	0.001
1.28976583	0.001
1.28581085	0.001
1.28186801	0.001
1.27793726	0.001
1.27401856	0.001
1.27011187	0.001
1.26621717	0.001
1.26233441	0.001
1.25846355	0.001
1.25460457	0.001
1.25075742	0.001
1.24692206	0.001
1.24309847	0.001
1.23928660	0.001
1.23548642	0.001
1.23169789	0.001
1.22792098	0.001
1.22415565	0.001
1.22040187	0.001
1.21665959	0.001
1.21292880	0.001
1.20920944	0.001
1.20550149	0.001
1.20180491	0.001
1.19811966	0.001
1.19444572	0.001
1.19078304	0.001
1.18713159	0.001
1.18349134	0.001
1.17986225	0.001
1.17624429	0.001
1.17263742	0.001
1.16904162	0.001
1.16545684	0.001
1.16188305	0.001
1.15832022	0.001
1.15476832	0.001
1.15122731	0.001
1.14769715	0.001
1.14417782	0.001
1.14066929	0.001
1.13717151	0.001
1.13368446	0.001
1.13020810	0.001
1.12674240	0.001
1.12328733	0.001
1.11984285	0.001
1.11640893	0.001
1.11298555	0.001
1.10957266	0.001
1.10617024	0.001
1.10277825	0.001
1.09939666	0.001
1.09602544	0.001
1.09266456	0.001
1.08931399	0.001
1.08597369	0.001
1.08264363	0.001
1.07932378	0.001
1.07601411	0.001
1.07271460	0.001
1.06942520	0.001
1.06614588	0.001
1.06287663	0.001
1.05961739	0.001
1.05636815	0.001
1.05312888	0.001
1.04989954	0.001
1.04668010	0.001
1.04347053	0.001
1.04027081	0.001
1.03708089	0.001
1.03390076	0.001
1.03073038	0.001
1.02756972	0.001
1.02441876	0.001
1.02127745	0.001
1.01814578	0.001
1.01502371	0.001
1.01191122	0.001
1.00880826	0.001
1.00571483	0.001
1.00263088	0.001
0.99955639	0.001
0.99649132	0.001
0.99343565	0.001
0.99038936	0.001
0.98735240	0.001
0.98432476	0.001
0.98130640	0.001
0.97829729	0.001
0.97529742	0.001
0.97230674	0.001
0.96932523	0.001
0.96635287	0.001
0.96338962	0.001
0.96043546	0.001
0.95749035	0.001
0.95455428	0.001
0.95162721	0.001
0.94870911	0.001
0.94579997	0.001
0.94289974	0.001
0.94000841	0.001
0.93712594	0.001
0.93425232	0.001
0.93138750	0.001
0.92853147	0.001
0.92568420	0.001
0.92284565	0.001
0.92001582	0.001
0.91719466	0.001
0.91438215	0.001
0.91157826	0.001
0.90878297	0.001
0.90599626	0.001
0.90321809	0.001
0.90044844	0.001
0.89768728	0.001
0.89493459	0.001
0.89219034	0.001
0.88945450	0.001
0.88672705	0.001
0.88400797	0.001
0.88129723	0.001
0.87859479	0.001
0.87590065	0.001
0.87321476	0.001
0.87053711	0.001
0.86786768	0.001
0.86520642	0.001
0.86255333	0.001
0.85990838	0.001
0.85727153	0.001
0.85464277	0.001
0.85202207	0.001
0.84940941	0.001
0.84680476	0.001
0.84420809	0.001
0.84161939	0.001
0.83903863	0.001
0.83646578	0.001
0.83390082	0.001
0.83134372	0.001
0.82879447	0.001
0.82625303	0.001
0.82371939	0.001
0.82119351	0.001
0.81867538	0.001
0.81616498	0.001
0.81366227	0.001
0.81116723	0.001
0.80867985	0.001
0.80620009	0.001
0.80372794	0.001
0.80126337	0.001
0.79880635	0.001
0.79635687	0.001
0.79391490	0.001
0.79148042	0.001
0.78905340	0.001
0.78663383	0.001
0.78422168	0.001
0.78181692	0.001
0.77941953	0.001
0.77702950	0.001
0.77464680	0.001
0.77227140	0.001
0.76990329	0.001
0.76754244	0.001
0.76518882	0.001
0.76284243	0.001
0.76050323	0.001
0.75817120	0.001
0.75584633	0.001
0.75352858	0.001
0.75121794	0.001
0.74891439	0.001
0.74661789	0.001
0.74432845	0.001
0.74204602	0.001
0.73977059	0.001
0.73750214	0.001
0.73524064	0.001
0.73298608	0.001
0.73073843	0.001
0.72849768	0.001
0.72626379	0.001
0.72403676	0.001
0.72181655	0.001
0.71960316	0.001
0.71739655	0.001
0.71519670	0.001
0.71300361	0.001
0.71081723	0.001
0.70863756	0.001
0.70646458	0.001
0.70429826	0.001
0.70213858	0.001
0.69998552	0.001
0.69783907	0.001
0.69569920	0.001
0.69356589	0.001
0.69143912	0.001
0.68931887	0.001
0.68720513	0.001
0.68509786	0.001
0.68299706	0.001
0.68090270	0.001
0.67881476	0.001
0.67673323	0.001
0.67465808	0.001
0.67258929	0.001
0.67052684	0.001
0.66847072	0.001
0.66642090	0.001
0.66437737	0.001
0.66234011	0.001
0.66030909	0.001
0.65828430	0.001
0.65626572	0.001
0.65425333	0.001
0.65224711	0.001
0.65024705	0.001
0.64825311	0.001
0.64626529	0.001
0.64428357	0.001
0.64230792	0.001
0.64033833	0.001
0.63837478	0.001
0.63641725	0.001
0.63446572	0.001
0.63252018	0.001
0.63058061	0.001
0.62864698	0.001
0.62671928	0.001
0.62479749	0.001
0.62288159	0.001
0.62097157	0.001
0.61906741	0.001
0.61716908	0.001
0.61527658	0.001
0.61338988	0.001
0.61150897	0.001
0.60963382	0.001
0.60776442	0.001
0.60590076	0.001
0.60404281	0.001
0.60219056	0.001
0.60034398	0.001
0.59850307	0.001
0.59666781	0.001
0.59483817	0.001
0.59301414	0.001
0.59119571	0.001
0.58938285	0.001
0.58757555	0.001
0.58577379	0.001
0.58397756	0.001
0.58218684	0.001
0.58040161	0.001
0.57862185	0.001
0.57684755	0.001
0.57507869	0.001
0.57331525	0.001
0.57155722	0.001
0.56980458	0.001
0.56805732	0.001
0.56631541	0.001
0.56457885	0.001
0.56284761	0.001
0.56112168	0.001
0.55940104	0.001
0.55768568	0.001
0.55597558	0.001
0.55427072	0.001
0.55257109	0.001
0.55087667	0.001
0.54918745	0.001
0.54750340	0.001
0.54582453	0.001
0.54415080	0.001
0.54248220	0.001
0.54081872	0.001
0.53916034	0.001
0.53750704	0.001
0.53585881	0.001
0.53421564	0.001
0.53257751	0.001
0.53094440	0.001
0.52931630	0.001
0.52769319	0.001
0.52607506	0.001
0.52446189	0.001
0.52285366	0.001
0.52125037	0.001
0.51965200	0.001
0.51805852	0.001
0.51646993	0.001
0.51488622	0.001
0.51330736	0.001
0.51173334	0.001
0.51016414	0.001
0.50859976	0.001
0.50704018	0.001
0.50548538	0.001
0.50393535	0.001
0.50239006	0.001
0.50084952	0.001
0.49931370	0.001
0.49778260	0.001
0.49625618	0.001
0.49473445	0.001
0.49321738	0.001
0.49170497	0.001
0.49019719	0.001
0.48869404	0.001
0.48719549	0.001
0.48570155	0.001
0.48421218	0.001
0.48272738	0.001
0.48124713	0.001
0.47977142	0.001
0.47830024	0.001
0.47683356	0.001
0.47537139	0.001
0.47391370	0.001
0.47246048	0.001
0.47101171	0.001
0.46956739	0.001
0.46812750	0.001
0.46669202	0.001
0.46526094	0.001
0.46383425	0.001
0.46241194	0.001
0.46099399	0.001
0.45958038	0.001
0.45817111	0.001
0.45676617	0.001
0.45536553	0.001
0.45396918	0.001
0.45257712	0.001
0.45118932	0.001
0.44980579	0.001
0.44842649	0.001
0.44705142	0.001
0.44568057	0.001
0.44431393	0.001
0.44295147	0.001
0.44159319	0.001
0.44023908	0.001
0.43888912	0.001
0.43754330	0.001
0.43620160	0.001
0.43486402	0.001
0.43353055	0.001
0.43220116	0.001
0.43087584	0.001
0.42955459	0.001
0.42823740	0.001
0.42692424	0.001
0.42561511	0.001
0.42430999	0.001
0.42300887	0.001
0.42171175	0.001
0.42041860	0.001
0.41912942	0.001
0.41784419	0.001
0.41656290	0.001
0.41528554	0.001
0.41401210	0.001
0.41274256	0.001
0.41147692	0.001
0.41021515	0.001
0.40895726	0.001
0.40770322	0.001
0.40645303	0.001
0.40520667	0.001
0.40396414	0.001
0.40272541	0.001
0.40149048	0.001
0.40025934	0.001
0.39903198	0.001
0.39780837	0.001
0.39658852	0.001
0.39537241	0.001
0.39416003	0.001
0.39295137	0.001
0.39174641	0.001
0.39054515	0.001
0.38934758	0.001
0.38815367	0.001
0.38696343	0.001
0.38577683	0.001
0.38459387	0.001
0.38341455	0.001
0.38223883	0.001
0.38106673	0.001
0.37989821	0.001
0.37873328	0.001
0.37757193	0.001
0.37641413	0.001
0.37525988	0.001
0.37410918	0.001
0.37296200	0.001
0.37181834	0.001
0.37067818	0.001
0.36954153	0.001
0.36840836	0.001
0.36727866	0.001
0.36615243	0.001
0.36502965	0.001
0.36391031	0.001
0.36279441	0.001
0.36168192	0.001
0.36057285	0.001
0.35946718	0.001
0.35836490	0.001
0.35726600	0.001
0.35617047	0.001
0.35507830	0.001
0.35398948	0.001
0.35290400	0.001
0.35182185	0.001
0.35074301	0.001
0.34966748	0.001
0.34859525	0.001
0.34752631	0.001
0.34646065	0.001
0.34539825	0.001
0.34433911	0.001
0.34328322	0.001
0.34223057	0.001
0.34118115	0.001
0.34013494	0.001
0.33909194	0.001
0.33805214	0.001
0.33701553	0.001
0.33598210	0.001
0.33495183	0.001
0.33392473	0.001
0.33290077	0.001
0.33187995	0.001
0.33086227	0.001
0.32984770	0.001
0.32883625	0.001
0.32782790	0.001
0.32682264	0.001
0.32582046	0.001
0.32482136	0.001
0.32382532	0.001
0.32283233	0.001
0.32184239	0.001
0.32085548	0.001
0.31987160	0.001
0.31889074	0.001
0.31791289	0.001
0.31693803	0.001
0.31596616	0.001
0.31499728	0.001
0.31403136	0.001
0.31306841	0.001
0.31210840	0.001
0.31115135	0.001
0.31019722	0.001
0.30924603	0.001
0.30829775	0.001
0.30735238	0.001
0.30640990	0.001
0.30547032	0.001
0.30453362	0.001
0.30359979	0.001
0.30266882	0.001
0.30174071	0.001
0.30081544	0.001
0.29989302	0.001
0.29897342	0.001
0.29805664	0.001
0.29714267	0.001
0.29623150	0.001
0.29532313	0.001
0.29441754	0.001
0.29351473	0.001
0.29261469	0.001
0.29171741	0.001
0.29082288	0.001
0.28993109	0.001
0.28904204	0.001
0.28815572	0.001
0.28727211	0.001
0.28639121	0.001
0.28551301	0.001
0.28463751	0.001
0.28376469	0.001
0.28289454	0.001
0.28202707	0.001
0.28116225	0.001
0.28030009	0.001
0.27944057	0.001
0.27858369	0.001
0.27772943	0.001
0.27687779	0.001
0.27602877	0.001
0.27518235	0.001
0.27433852	0.001
0.27349728	0.001
0.27265862	0.001
0.27182253	0.001
0.27098901	0.001
0.27015804	0.001
0.26932962	0.001
0.26850374	0.001
0.26768040	0.001
0.26685957	0.001
0.26604127	0.001
0.26522547	0.001
0.26441218	0.001
0.26360138	0.001
0.26279306	0.001
0.26198723	0.001
0.26118386	0.001
0.26038296	0.001
0.25958452	0.001
0.25878852	0.001
0.25799497	0.001
0.25720384	0.001
0.25641515	0.001
0.25562887	0.001
0.25484500	0.001
0.25406354	0.001
0.25328447	0.001
0.25250779	0.001
0.25173350	0.001
0.25096157	0.001
0.25019202	0.001
0.24942482	0.001
0.24865998	0.001
0.24789748	0.001
0.24713732	0.001
0.24637950	0.001
0.24562399	0.001
0.24487080	0.001
0.24411993	0.001
0.24337135	0.001
0.24262507	0.001
0.24188108	0.001
0.24113937	0.001
0.24039993	0.001
0.23966276	0.001
0.23892786	0.001
0.23819520	0.001
0.23746479	0.001
0.23673662	0.001
0.23601069	0.001
0.23528698	0.001
0.23456549	0.001
0.23384621	0.001
0.23312914	0.001
0.23241427	0.001
0.23170159	0.001
0.23099109	0.001
0.23028277	0.001
0.22957663	0.001
0.22887265	0.001
0.22817083	0.001
0.22747116	0.001
0.22677363	0.001
0.22607825	0.001
0.22538500	0.001
0.22469387	0.001
0.22400486	0.001
0.22331797	0.001
0.22263318	0.001
0.22195049	0.001
0.22126990	0.001
0.22059139	0.001
0.21991496	0.001
0.21924061	0.001
0.21856833	0.001
0.21789810	0.001
0.21722993	0.001
0.21656381	0.001
0.21589974	0.001
0.21523770	0.001
0.21457769	0.001
0.21391970	0.001
0.21326373	0.001
0.21260977	0.001
0.21195782	0.001
0.21130787	0.001
0.21065991	0.001
0.21001393	0.001
0.20936994	0.001
0.20872792	0.001
0.20808788	0.001
0.20744979	0.001
0.20681366	0.001
0.20617948	0.001
0.20554725	0.001
0.20491695	0.001
0.20428859	0.001
0.20366215	0.001
0.20303764	0.001
0.20241504	0.001
0.20179435	0.001
0.20117556	0.001
0.20055867	0.001
0.19994367	0.001
0.19933056	0.001
0.19871933	0.001
0.19810997	0.001
0.19750248	0.001
0.19689685	0.001
0.19629308	0.001
0.19569117	0.001
0.19509109	0.001
0.19449286	0.001
0.19389646	0.001
0.19330189	0.001
0.19270915	0.001
0.19211822	0.001
0.19152910	0.001
0.19094179	0.001
0.19035628	0.001
0.18977257	0.001
0.18919065	0.001
0.18861051	0.001
0.18803215	0.001
0.18745556	0.001
0.18688074	0.001
0.18630769	0.001
0.18573639	0.001
0.18516684	0.001
0.18459904	0.001
0.18403298	0.001
0.18346866	0.001
0.18290606	0.001
0.18234520	0.001
0.18178605	0.001
0.18122861	0.001
0.18067289	0.001
0.18011887	0.001
0.17956655	0.001
0.17901592	0.001
0.17846698	0.001
0.17791973	0.001
0.17737415	0.001
0.17683024	0.001
0.17628801	0.001
0.17574743	0.001
0.17520852	0.001
0.17467125	0.001
0.17413564	0.001
0.17360166	0.001
0.17306933	0.001
0.17253862	0.001
0.17200954	0.001
0.17148209	0.001
0.17095625	0.001
0.17043203	0.001
0.16990941	0.001
0.16938840	0.001
0.16886898	0.001
0.16835116	0.001
0.16783492	0.001
0.16732027	0.001
0.16680719	0.001
0.16629569	0.001
0.16578575	0.001
0.16527739	0.001
0.16477057	0.001
0.16426532	0.001
0.16376161	0.001
0.16325945	0.001
0.16275882	0.001
0.16225974	0.001
0.16176218	0.001
0.16126615	0.001
0.16077164	0.001
0.16027864	0.001
0.15978716	0.001
0.15929718	0.001
0.15880871	0.001
0.15832174	0.001
0.15783625	0.001
0.15735226	0.001
0.15686975	0.001
0.15638872	0.001
0.15590917	0.001
0.15543108	0.001
0.15495447	0.001
0.15447931	0.001
0.15400561	0.001
0.15353336	0.001
0.15306256	0.001
0.15259321	0.001
0.15212529	0.001
0.15165881	0.001
0.15119376	0.001
0.15073014	0.001
0.15026793	0.001
0.14980715	0.001
0.14934778	0.001
0.14888981	0.001
0.14843325	0.001
0.14797809	0.001
0.14752433	0.001
0.14707196	0.001
0.14662097	0.001
0.14617137	0.001
0.14572315	0.001
0.14527630	0.001
0.14483082	0.001
0.14438670	0.001
0.14394395	0.001
0.14350256	0.001
0.14306252	0.001
0.14262383	0.001
0.14218648	0.001
0.14175048	0.001
0.14131581	0.001
0.14088248	0.001
0.14045047	0.001
0.14001979	0.001
0.13959043	0.001
0.13916239	0.001
0.13873566	0.001
0.13831023	0.001
0.13788612	0.001
0.13746330	0.001
0.13704178	0.001
0.13662155	0.001
0.13620261	0.001
0.13578495	0.001
0.13536858	0.001
0.13495348	0.001
0.13453966	0.001
0.13412710	0.001
0.13371581	0.001
0.13330578	0.001
0.13289701	0.001
0.13248949	0.001
0.13208322	0.001
0.13167820	0.001
0.13127441	0.001
0.13087187	0.001
0.13047056	0.001
0.13007048	0.001
0.12967163	0.001
0.12927400	0.001
0.12887759	0.001
0.12848240	0.001
0.12808842	0.001
0.12769565	0.001
0.12730408	0.001
0.12691371	0.001
0.12652454	0.001
0.12613656	0.001
0.12574977	0.001
0.12536417	0.001
0.12497975	0.001
0.12459651	0.001
0.12421444	0.001
0.12383355	0.001
0.12345382	0.001
0.12307526	0.001
0.12269786	0.001
0.12232161	0.001
0.12194652	0.001
0.12157258	0.001
0.12119979	0.001
0.12082814	0.001
0.12045763	0.001
0.12008825	0.001
0.11972001	0.001
0.11935290	0.001
0.11898691	0.001
0.11862205	0.001
0.11825830	0.001
0.11789567	0.001
0.11753415	0.001
0.11717374	0.001
0.11681444	0.001
0.11645624	0.001
0.11609913	0.001
0.11574312	0.001
0.11538820	0.001
0.11503438	0.001
0.11468163	0.001
0.11432997	0.001
0.11397938	0.001
0.11362987	0.001
0.11328144	0.001
0.11293407	0.001
0.11258776	0.001
0.11224252	0.001
0.11189834	0.001
0.11155521	0.001
0.11121313	0.001
0.11087211	0.001
0.11053213	0.001
0.11019319	0.001
0.10985529	0.001
0.10951843	0.001
0.10918260	0.001
0.10884779	0.001
0.10851402	0.001
0.10818127	0.001
0.10784954	0.001
0.10751883	0.001
0.10718913	0.001
0.10686044	0.001
0.10653276	0.001
0.10620609	0.001
0.10588041	0.001
0.10555574	0.001
0.10523206	0.001
0.10490938	0.001
0.10458768	0.001
0.10426697	0.001
0.10394724	0.001
0.10362849	0.001
0.10331073	0.001
0.10299393	0.001
0.10267811	0.001
0.10236325	0.001
0.10204936	0.001
0.10173644	0.001
0.10142447	0.001
0.10111346	0.001
0.10080340	0.001
0.10049430	0.001
0.10018614	0.001
0.09987892	0.001
0.09957265	0.001
0.09926732	0.001
0.09896292	0.001
0.09865946	0.001
0.09835693	0.001
0.09805533	0.001
0.09775465	0.001
0.09745489	0.001
0.09715605	0.001
0.09685813	0.001
0.09656112	0.001
0.09626502	0.001
0.09596983	0.001
0.09567555	0.001
0.09538217	0.001
0.09508968	0.001
0.09479810	0.001
0.09450741	0.001
0.09421761	0.001
0.09392870	0.001
0.09364067	0.001
0.09335353	0.001
0.09306727	0.001
0.09278188	0.001
0.09249737	0.001
0.09221374	0.001
0.09193097	0.001
0.09164907	0.001
0.09136804	0.001
0.09108786	0.001
0.09080855	0.001
0.09053009	0.001
0.09025249	0.001
0.08997574	0.001
0.08969983	0.001
0.08942477	0.001
0.08915056	0.001
0.08887719	0.001
0.08860465	0.001
0.08833295	0.001
0.08806208	0.001
0.08779205	0.001
0.08752284	0.001
0.08725446	0.001
0.08698690	0.001
0.08672016	0.001
0.08645424	0.001
0.08618913	0.001
0.08592484	0.001
0.08566136	0.001
0.08539868	0.001
0.08513682	0.001
0.08487575	0.001
0.08461548	0.001
0.08435602	0.001
0.08409735	0.001
0.08383947	0.001
0.08358238	0.001
0.08332608	0.001
0.08307057	0.001
0.08281584	0.001
0.08256189	0.001
0.08230872	0.001
0.08205633	0.001
0.08180471	0.001
0.08155386	0.001
0.08130378	0.001
0.08105447	0.001
0.08080592	0.001
0.08055813	0.001
0.08031111	0.001
0.08006484	0.001
0.07981933	0.001
0.07957457	0.001
0.07933056	0.001
0.07908730	0.001
0.07884478	0.001
0.07860301	0.001
0.07836198	0.001
0.07812169	0.001
0.07788213	0.001
0.07764331	0.001
0.07740523	0.001
0.07716787	0.001
0.07693124	0.001
0.07669534	0.001
0.07646015	0.001
0.07622570	0.001
0.07599196	0.001
0.07575893	0.001
0.07552662	0.001
0.07529503	0.001
0.07506414	0.001
0.07483396	0.001
0.07460449	0.001
0.07437572	0.001
0.07414765	0.001
0.07392028	0.001
0.07369361	0.001
0.07346764	0.001
0.07324235	0.001
0.07301776	0.001
0.07279386	0.001
0.07257064	0.001
0.07234811	0.001
0.07212626	0.001
0.07190509	0.001
0.07168460	0.001
0.07146478	0.001
0.07124564	0.001
0.07102717	0.001
0.07080937	0.001
0.07059224	0.001
0.07037577	0.001
0.07015997	0.001
0.06994483	0.001
0.06973035	0.001
0.06951653	0.001
0.06930336	0.001
0.06909084	0.001
0.06887898	0.001
0.06866777	0.001
0.06845721	0.001
0.06824729	0.001
0.06803801	0.001
0.06782938	0.001
0.06762138	0.001
0.06741403	0.001
0.06720731	0.001
0.06700122	0.001
0.06679577	0.001
0.06659094	0.001
0.06638675	0.001
0.06618318	0.001
0.06598023	0.001
0.06577791	0.001
0.06557620	0.001
0.06537512	0.001
0.06517465	0.001
0.06497480	0.001
0.06477556	0.001
0.06457693	0.001
0.06437891	0.001
0.06418150	0.001
0.06398469	0.001
0.06378848	0.001
0.06359288	0.001
0.06339788	0.001
0.06320347	0.001
0.06300966	0.001
0.06281645	0.001
0.06262383	0.001
0.06243180	0.001
0.06224035	0.001
0.06204950	0.001
0.06185923	0.001
0.06166954	0.001
0.06148044	0.001
0.06129191	0.001
0.06110396	0.001
0.06091659	0.001
0.06072980	0.001
0.06054357	0.001
0.06035792	0.001
0.06017284	0.001
0.05998832	0.001
0.05980437	0.001
0.05962099	0.001
0.05943816	0.001
0.05925590	0.001
0.05907420	0.001
0.05889305	0.001
0.05871246	0.001
0.05853242	0.001
0.05835294	0.001
0.05817400	0.001
0.05799562	0.001
0.05781778	0.001
0.05764048	0.001
0.05746373	0.001
0.05728752	0.001
0.05711186	0.001
0.05693673	0.001
0.05676213	0.001
0.05658808	0.001
0.05641455	0.001
0.05624156	0.001
0.05606910	0.001
0.05589717	0.001
0.05572577	0.001
0.05555489	0.001
0.05538453	0.001
0.05521470	0.001
0.05504539	0.001
0.05487660	0.001
0.05470832	0.001
0.05454056	0.001
0.05437332	0.001
0.05420658	0.001
0.05404036	0.001
0.05387465	0.001
0.05370945	0.001
0.05354475	0.001
0.05338056	0.001
0.05321688	0.001
0.05305369	0.001
0.05289101	0.001
0.05272882	0.001
0.05256713	0.001
0.05240594	0.001
0.05224524	0.001
0.05208503	0.001
0.05192532	0.001
0.05176609	0.001
0.05160735	0.001
0.05144910	0.001
0.05129134	0.001
0.05113406	0.001
0.05097726	0.001
0.05082094	0.001
0.05066510	0.001
0.05050974	0.001
0.05035486	0.001
0.05020045	0.001
0.05004651	0.001
0.04989305	0.001
0.04974006	0.001
0.04958753	0.001
0.04943547	0.001
0.04928388	0.001
0.04913276	0.001
0.04898210	0.001
0.04883190	0.001
0.04868216	0.001
0.04853288	0.001
0.04838405	0.001
0.04823569	0.001
0.04808778	0.001
0.04794032	0.001
0.04779331	0.001
0.04764676	0.001
0.04750065	0.001
0.04735500	0.001
0.04720979	0.001
0.04706502	0.001
0.04692070	0.001
0.04677682	0.001
0.04663338	0.001
0.04649039	0.001
0.04634783	0.001
0.04620570	0.001
0.04606402	0.001
0.04592277	0.001
0.04578195	0.001
0.04564156	0.001
0.04550160	0.001
0.04536208	0.001
0.04522298	0.001
0.04508430	0.001
0.04494606	0.001
0.04480823	0.001
0.04467083	0.001
0.04453385	0.001
0.04439729	0.001
0.04426115	0.001
0.04412543	0.001
0.04399012	0.001
0.04385523	0.001
0.04372075	0.001
0.04358668	0.001
0.04345303	0.001
0.04331978	0.001
0.04318694	0.001
0.04305452	0.001
0.04292249	0.001
0.04279087	0.001
0.04265966	0.001
0.04252885	0.001
0.04239843	0.001
0.04226842	0.001
0.04213881	0.001
0.04200959	0.001
0.04188077	0.001
0.04175235	0.001
0.04162432	0.001
0.04149668	0.001
0.04136943	0.001
0.04124258	0.001
0.04111611	0.001
0.04099003	0.001
0.04086434	0.001
0.04073903	0.001
0.04061411	0.001
0.04048957	0.001
0.04036541	0.001
0.04024163	0.001
0.04011823	0.001
0.03999521	0.001
0.03987257	0.001
0.03975031	0.001
0.03962841	0.001
0.03950690	0.001
0.03938575	0.001
0.03926498	0.001
0.03914458	0.001
0.03902454	0.001
0.03890488	0.001
0.03878558	0.001
0.03866664	0.001
0.03854808	0.001
0.03842987	0.001
0.03831203	0.001
0.03819455	0.001
0.03807743	0.001
0.03796066	0.001
0.03784426	0.001
0.03772821	0.001
0.03761252	0.001
0.03749719	0.001
0.03738221	0.001
0.03726758	0.001
0.03715330	0.001
0.03703937	0.001
0.03692579	0.001
0.03681256	0.001
0.03669968	0.001
0.03658714	0.001
0.03647495	0.001
0.03636310	0.001
0.03625160	0.001
0.03614043	0.001
0.03602961	0.001
0.03591913	0.001
0.03580899	0.001
0.03569918	0.001
0.03558971	0.001
0.03548058	0.001
0.03537178	0.001
0.03526331	0.001
0.03515518	0.001
0.03504738	0.001
0.03493991	0.001
0.03483277	0.001
0.03472596	0.001
0.03461947	0.001
0.03451332	0.001
0.03440748	0.001
0.03430198	0.001
0.03419679	0.001
0.03409193	0.001
0.03398739	0.001
0.03388317	0.001
0.03377927	0.001
0.03367569	0.001
0.03357242	0.001
0.03346948	0.001
0.03336684	0.001
0.03326453	0.001
0.03316252	0.001
0.03306083	0.001
0.03295946	0.001
0.03285839	0.001
0.03275763	0.001
0.03265718	0.001
0.03255704	0.001
0.03245721	0.001
0.03235768	0.001
0.03225846	0.001
0.03215954	0.001
0.03206092	0.001
0.03196261	0.001
0.03186460	0.001
0.03176689	0.001
0.03166948	0.001
0.03157237	0.001
0.03147555	0.001
0.03137903	0.001
0.03128281	0.001
0.03118689	0.001
0.03109125	0.001
0.03099592	0.001
0.03090087	0.001
0.03080611	0.001
0.03071165	0.001
0.03061747	0.001
0.03052359	0.001
0.03042999	0.001
0.03033668	0.001
0.03024365	0.001
0.03015091	0.001
0.03005846	0.001
0.02996629	0.001
0.02987440	0.001
0.02978279	0.001
0.02969146	0.001
0.02960041	0.001
0.02950965	0.001
0.02941916	0.001
0.02932895	0.001
0.02923901	0.001
0.02914935	0.001
0.02905997	0.001
0.02897086	0.001
0.02888202	0.001
0.02879346	0.001
0.02870516	0.001
0.02861714	0.001
0.02852939	0.001
0.02844191	0.001
0.02835469	0.001
0.02826774	0.001
0.02818106	0.001
0.02809465	0.001
0.02800850	0.001
0.02792261	0.001
0.02783699	0.001
0.02775163	0.001
0.02766653	0.001
0.02758169	0.001
0.02749711	0.001
0.02741280	0.001
0.02732874	0.001
0.02724494	0.001
0.02716139	0.001
0.02707810	0.001
0.02699507	0.001
0.02691229	0.001
0.02682977	0.001
0.02674750	0.001
0.02666548	0.001
0.02658371	0.001
0.02650219	0.001
0.02642092	0.001
0.02633991	0.001
0.02625914	0.001
0.02617862	0.001
0.02609834	0.001
0.02601831	0.001
0.02593853	0.001
0.02585899	0.001
0.02577970	0.001
0.02570064	0.001
0.02562184	0.001
0.02554327	0.001
0.02546494	0.001
0.02538685	0.001
0.02530901	0.001
0.02523140	0.001
0.02515403	0.001
0.02507690	0.001
0.02500000	0.001