# mu   I(Z,mu) mu>0   error     I(0,mu) mu<0   error
-0.975 0 0 0.421695 0.000355487
-0.925 0 0 0.435964 0.000366472
-0.875 0 0 0.451144 0.00037806
-0.825 0 0 0.46731 0.000390287
-0.775 0 0 0.48454 0.000403184
-0.725 0 0 0.502915 0.000416781
-0.675 0 0 0.522514 0.000431104
-0.625 0 0 0.543414 0.000446168
-0.575 0 0 0.565675 0.000461977
-0.525 0 0 0.589333 0.000478523
-0.475 0 0 0.614379 0.000495785
-0.425 0 0 0.640727 0.000513749
-0.375 0 0 0.668172 0.000532462
-0.325 0 0 0.696324 0.000552172
-0.275 0 0 0.724538 0.000573716
-0.225 0 0 0.751843 0.000599487
-0.175 0 0 0.776953 0.000636014
-0.125 0 0 0.798416 0.000701842
-0.075 0 0 0.814432 0.000865504
-0.025 0 0 0.820026 0.00158132
0.025 0.316909 0.00106675 0 0
0.075 0.354411 0.000802166 0 0
0.125 0.387907 0.000667561 0 0
0.175 0.416945 0.000603053 0 0
0.225 0.438969 0.000569359 0 0
0.275 0.453214 0.000547437 0 0
0.325 0.460537 0.000529602 0 0
0.375 0.462374 0.000513086 0 0
0.425 0.460134 0.000497025 0 0
0.475 0.454992 0.00048124 0 0
0.525 0.447854 0.000465775 0 0
0.575 0.439396 0.000450721 0 0
0.625 0.43011 0.000436159 0 0
0.675 0.420352 0.000422148 0 0
0.725 0.410375 0.000408721 0 0
0.775 0.400359 0.000395891 0 0
0.825 0.390429 0.000383657 0 0
0.875 0.380671 0.000372008 0 0
0.925 0.371143 0.000360924 0 0
0.975 0.361883 0.000350383 0 0
