# z   mu   I_diffuse(z,mu)   I_diffuse+direct beam smeared on its mu bin
0.01 -0.975 0.41841 0.41841
0.01 -0.925 0.433065 0.433065
0.01 -0.875 0.446246 0.446246
0.01 -0.825 0.465522 0.465522
0.01 -0.775 0.481849 0.481849
0.01 -0.725 0.501894 0.501894
0.01 -0.675 0.519603 0.519603
0.01 -0.625 0.542639 0.542639
0.01 -0.575 0.560656 0.560656
0.01 -0.525 0.581323 0.581323
0.01 -0.475 0.613373 0.613373
0.01 -0.425 0.634882 0.634882
0.01 -0.375 0.662713 0.662713
0.01 -0.325 0.697261 0.697261
0.01 -0.275 0.718075 0.718075
0.01 -0.225 0.741809 0.741809
0.01 -0.175 0.785801 0.785801
0.01 -0.125 0.794032 0.794032
0.01 -0.075 0.807104 0.807104
0.01 -0.025 0.829333 0.829333
0.01 0.025 0.328748 0.328748
0.01 0.075 0.103612 0.103612
0.01 0.125 0.0616182 0.0616182
0.01 0.175 0.0451357 0.0451357
0.01 0.225 0.0357564 0.0357564
0.01 0.275 0.029073 0.029073
0.01 0.325 0.025085 0.025085
0.01 0.375 0.0208491 0.0208491
0.01 0.425 0.0182008 0.0182008
0.01 0.475 0.0169296 0.0169296
0.01 0.525 0.0159842 0.0159842
0.01 0.575 0.0141355 19.6707
0.01 0.625 0.0128569 0.0128569
0.01 0.675 0.0121545 0.0121545
0.01 0.725 0.0114001 0.0114001
0.01 0.775 0.0100177 0.0100177
0.01 0.825 0.00957793 0.00957793
0.01 0.875 0.00923022 0.00923022
0.01 0.925 0.00872877 0.00872877
0.01 0.975 0.00838794 0.00838794

0.03 -0.975 0.41017 0.41017
0.03 -0.925 0.424482 0.424482
0.03 -0.875 0.438158 0.438158
0.03 -0.825 0.457334 0.457334
0.03 -0.775 0.472729 0.472729
0.03 -0.725 0.49279 0.49279
0.03 -0.675 0.510417 0.510417
0.03 -0.625 0.53347 0.53347
0.03 -0.575 0.55153 0.55153
0.03 -0.525 0.572516 0.572516
0.03 -0.475 0.60428 0.60428
0.03 -0.425 0.626569 0.626569
0.03 -0.375 0.653792 0.653792
0.03 -0.325 0.687977 0.687977
0.03 -0.275 0.712619 0.712619
0.03 -0.225 0.737603 0.737603
0.03 -0.175 0.773084 0.773084
0.03 -0.125 0.791729 0.791729
0.03 -0.075 0.802116 0.802116
0.03 -0.025 0.835049 0.835049
0.03 0.025 0.605545 0.605545
0.03 0.075 0.276783 0.276783
0.03 0.125 0.176439 0.176439
0.03 0.175 0.128679 0.128679
0.03 0.225 0.104563 0.104563
0.03 0.275 0.0851534 0.0851534
0.03 0.325 0.0725655 0.0725655
0.03 0.375 0.0619858 0.0619858
0.03 0.425 0.0540248 0.0540248
0.03 0.475 0.0498901 0.0498901
0.03 0.525 0.0464341 0.0464341
0.03 0.575 0.0414126 19.0287
0.03 0.625 0.0382756 0.0382756
0.03 0.675 0.0361566 0.0361566
0.03 0.725 0.0336286 0.0336286
0.03 0.775 0.0309531 0.0309531
0.03 0.825 0.029349 0.029349
0.03 0.875 0.0278876 0.0278876
0.03 0.925 0.025755 0.025755
0.03 0.975 0.0248574 0.0248574

0.05 -0.975 0.401966 0.401966
0.05 -0.925 0.415519 0.415519
0.05 -0.875 0.429851 0.429851
0.05 -0.825 0.448777 0.448777
0.05 -0.775 0.463311 0.463311
0.05 -0.725 0.483949 0.483949
0.05 -0.675 0.500823 0.500823
0.05 -0.625 0.52335 0.52335
0.05 -0.575 0.542019 0.542019
0.05 -0.525 0.564228 0.564228
0.05 -0.475 0.595091 0.595091
0.05 -0.425 0.617812 0.617812
0.05 -0.375 0.6442 0.6442
0.05 -0.325 0.678356 0.678356
0.05 -0.275 0.703365 0.703365
0.05 -0.225 0.730527 0.730527
0.05 -0.175 0.76655 0.76655
0.05 -0.125 0.782979 0.782979
0.05 -0.075 0.800073 0.800073
0.05 -0.025 0.846612 0.846612
0.05 0.025 0.687757 0.687757
0.05 0.075 0.409594 0.409594
0.05 0.125 0.273 0.273
0.05 0.175 0.201769 0.201769
0.05 0.225 0.167768 0.167768
0.05 0.275 0.138954 0.138954
0.05 0.325 0.117313 0.117313
0.05 0.375 0.101264 0.101264
0.05 0.425 0.0893512 0.0893512
0.05 0.475 0.0818024 0.0818024
0.05 0.525 0.0749737 0.0749737
0.05 0.575 0.0683158 18.4091
0.05 0.625 0.0635533 0.0635533
0.05 0.675 0.0596021 0.0596021
0.05 0.725 0.0553042 0.0553042
0.05 0.775 0.0515687 0.0515687
0.05 0.825 0.0482023 0.0482023
0.05 0.875 0.0455584 0.0455584
0.05 0.925 0.0428242 0.0428242
0.05 0.975 0.0409377 0.0409377

0.07 -0.975 0.393182 0.393182
0.07 -0.925 0.406398 0.406398
0.07 -0.875 0.420689 0.420689
0.07 -0.825 0.439188 0.439188
0.07 -0.775 0.453527 0.453527
0.07 -0.725 0.474725 0.474725
0.07 -0.675 0.491423 0.491423
0.07 -0.625 0.513293 0.513293
0.07 -0.575 0.532016 0.532016
0.07 -0.525 0.554092 0.554092
0.07 -0.475 0.584699 0.584699
0.07 -0.425 0.608245 0.608245
0.07 -0.375 0.635842 0.635842
0.07 -0.325 0.669258 0.669258
0.07 -0.275 0.694424 0.694424
0.07 -0.225 0.722314 0.722314
0.07 -0.175 0.759908 0.759908
0.07 -0.125 0.776165 0.776165
0.07 -0.075 0.799547 0.799547
0.07 -0.025 0.827332 0.827332
0.07 0.025 0.754317 0.754317
0.07 0.075 0.511564 0.511564
0.07 0.125 0.354913 0.354913
0.07 0.175 0.267552 0.267552
0.07 0.225 0.226235 0.226235
0.07 0.275 0.189746 0.189746
0.07 0.325 0.160683 0.160683
0.07 0.375 0.137734 0.137734
0.07 0.425 0.123412 0.123412
0.07 0.475 0.113423 0.113423
0.07 0.525 0.103185 0.103185
0.07 0.575 0.0939141 17.8103
0.07 0.625 0.0875705 0.0875705
0.07 0.675 0.0819343 0.0819343
0.07 0.725 0.076875 0.076875
0.07 0.775 0.0708405 0.0708405
0.07 0.825 0.0662322 0.0662322
0.07 0.875 0.0628883 0.0628883
0.07 0.925 0.0596952 0.0596952
0.07 0.975 0.0566482 0.0566482

0.09 -0.975 0.384285 0.384285
0.09 -0.925 0.396978 0.396978
0.09 -0.875 0.411064 0.411064
0.09 -0.825 0.429349 0.429349
0.09 -0.775 0.444441 0.444441
0.09 -0.725 0.46534 0.46534
0.09 -0.675 0.481093 0.481093
0.09 -0.625 0.502784 0.502784
0.09 -0.575 0.52136 0.52136
0.09 -0.525 0.542579 0.542579
0.09 -0.475 0.572729 0.572729
0.09 -0.425 0.597892 0.597892
0.09 -0.375 0.625505 0.625505
0.09 -0.325 0.659517 0.659517
0.09 -0.275 0.68411 0.68411
0.09 -0.225 0.711276 0.711276
0.09 -0.175 0.749154 0.749154
0.09 -0.125 0.768833 0.768833
0.09 -0.075 0.801724 0.801724
0.09 -0.025 0.829422 0.829422
0.09 0.025 0.772516 0.772516
0.09 0.075 0.577013 0.577013
0.09 0.125 0.422138 0.422138
0.09 0.175 0.328223 0.328223
0.09 0.225 0.277867 0.277867
0.09 0.275 0.234707 0.234707
0.09 0.325 0.199071 0.199071
0.09 0.375 0.171993 0.171993
0.09 0.425 0.155406 0.155406
0.09 0.475 0.142984 0.142984
0.09 0.525 0.129859 0.129859
0.09 0.575 0.118272 17.2314
0.09 0.625 0.11047 0.11047
0.09 0.675 0.10357 0.10357
0.09 0.725 0.0971258 0.0971258
0.09 0.775 0.0902009 0.0902009
0.09 0.825 0.0841219 0.0841219
0.09 0.875 0.0795211 0.0795211
0.09 0.925 0.0766974 0.0766974
0.09 0.975 0.0716048 0.0716048

0.11 -0.975 0.375042 0.375042
0.11 -0.925 0.38796 0.38796
0.11 -0.875 0.401674 0.401674
0.11 -0.825 0.419597 0.419597
0.11 -0.775 0.434844 0.434844
0.11 -0.725 0.455476 0.455476
0.11 -0.675 0.470649 0.470649
0.11 -0.625 0.492656 0.492656
0.11 -0.575 0.510524 0.510524
0.11 -0.525 0.531979 0.531979
0.11 -0.475 0.561491 0.561491
0.11 -0.425 0.587455 0.587455
0.11 -0.375 0.613511 0.613511
0.11 -0.325 0.64825 0.64825
0.11 -0.275 0.675313 0.675313
0.11 -0.225 0.702223 0.702223
0.11 -0.175 0.738414 0.738414
0.11 -0.125 0.762937 0.762937
0.11 -0.075 0.801775 0.801775
0.11 -0.025 0.820518 0.820518
0.11 0.025 0.793949 0.793949
0.11 0.075 0.631784 0.631784
0.11 0.125 0.48113 0.48113
0.11 0.175 0.378979 0.378979
0.11 0.225 0.324158 0.324158
0.11 0.275 0.275167 0.275167
0.11 0.325 0.235861 0.235861
0.11 0.375 0.205313 0.205313
0.11 0.425 0.187127 0.187127
0.11 0.475 0.170933 0.170933
0.11 0.525 0.155644 0.155644
0.11 0.575 0.141915 16.6724
0.11 0.625 0.132967 0.132967
0.11 0.675 0.12495 0.12495
0.11 0.725 0.11701 0.11701
0.11 0.775 0.108933 0.108933
0.11 0.825 0.101395 0.101395
0.11 0.875 0.0961997 0.0961997
0.11 0.925 0.0927036 0.0927036
0.11 0.975 0.0871607 0.0871607

0.13 -0.975 0.366126 0.366126
0.13 -0.925 0.378613 0.378613
0.13 -0.875 0.392733 0.392733
0.13 -0.825 0.410008 0.410008
0.13 -0.775 0.424659 0.424659
0.13 -0.725 0.445345 0.445345
0.13 -0.675 0.460262 0.460262
0.13 -0.625 0.48209 0.48209
0.13 -0.575 0.500315 0.500315
0.13 -0.525 0.520492 0.520492
0.13 -0.475 0.550302 0.550302
0.13 -0.425 0.575335 0.575335
0.13 -0.375 0.603865 0.603865
0.13 -0.325 0.636822 0.636822
0.13 -0.275 0.665714 0.665714
0.13 -0.225 0.692027 0.692027
0.13 -0.175 0.727932 0.727932
0.13 -0.125 0.752006 0.752006
0.13 -0.075 0.792454 0.792454
0.13 -0.025 0.819336 0.819336
0.13 0.025 0.789729 0.789729
0.13 0.075 0.681807 0.681807
0.13 0.125 0.527289 0.527289
0.13 0.175 0.425445 0.425445
0.13 0.225 0.365162 0.365162
0.13 0.275 0.312406 0.312406
0.13 0.325 0.271735 0.271735
0.13 0.375 0.236811 0.236811
0.13 0.425 0.215104 0.215104
0.13 0.475 0.197661 0.197661
0.13 0.525 0.180169 0.180169
0.13 0.575 0.164314 16.132
0.13 0.625 0.154965 0.154965
0.13 0.675 0.145567 0.145567
0.13 0.725 0.136086 0.136086
0.13 0.775 0.12736 0.12736
0.13 0.825 0.117759 0.117759
0.13 0.875 0.112742 0.112742
0.13 0.925 0.108232 0.108232
0.13 0.975 0.102238 0.102238

0.15 -0.975 0.356857 0.356857
0.15 -0.925 0.369287 0.369287
0.15 -0.875 0.38307 0.38307
0.15 -0.825 0.399803 0.399803
0.15 -0.775 0.414477 0.414477
0.15 -0.725 0.434728 0.434728
0.15 -0.675 0.44979 0.44979
0.15 -0.625 0.47158 0.47158
0.15 -0.575 0.489828 0.489828
0.15 -0.525 0.509706 0.509706
0.15 -0.475 0.537586 0.537586
0.15 -0.425 0.564456 0.564456
0.15 -0.375 0.593461 0.593461
0.15 -0.325 0.624645 0.624645
0.15 -0.275 0.653098 0.653098
0.15 -0.225 0.683529 0.683529
0.15 -0.175 0.716791 0.716791
0.15 -0.125 0.74213 0.74213
0.15 -0.075 0.77658 0.77658
0.15 -0.025 0.817585 0.817585
0.15 0.025 0.791267 0.791267
0.15 0.075 0.712775 0.712775
0.15 0.125 0.571056 0.571056
0.15 0.175 0.465808 0.465808
0.15 0.225 0.402372 0.402372
0.15 0.275 0.34655 0.34655
0.15 0.325 0.303902 0.303902
0.15 0.375 0.267011 0.267011
0.15 0.425 0.24204 0.24204
0.15 0.475 0.222451 0.222451
0.15 0.525 0.203657 0.203657
0.15 0.575 0.186171 15.6102
0.15 0.625 0.175404 0.175404
0.15 0.675 0.165368 0.165368
0.15 0.725 0.154251 0.154251
0.15 0.775 0.144937 0.144937
0.15 0.825 0.133801 0.133801
0.15 0.875 0.128596 0.128596
0.15 0.925 0.123232 0.123232
0.15 0.975 0.116723 0.116723

0.17 -0.975 0.347272 0.347272
0.17 -0.925 0.359534 0.359534
0.17 -0.875 0.37267 0.37267
0.17 -0.825 0.38988 0.38988
0.17 -0.775 0.404434 0.404434
0.17 -0.725 0.423831 0.423831
0.17 -0.675 0.439044 0.439044
0.17 -0.625 0.460684 0.460684
0.17 -0.575 0.478442 0.478442
0.17 -0.525 0.498616 0.498616
0.17 -0.475 0.526531 0.526531
0.17 -0.425 0.553793 0.553793
0.17 -0.375 0.582952 0.582952
0.17 -0.325 0.614863 0.614863
0.17 -0.275 0.642022 0.642022
0.17 -0.225 0.67346 0.67346
0.17 -0.175 0.707952 0.707952
0.17 -0.125 0.732245 0.732245
0.17 -0.075 0.767809 0.767809
0.17 -0.025 0.805581 0.805581
0.17 0.025 0.800042 0.800042
0.17 0.075 0.73423 0.73423
0.17 0.125 0.609348 0.609348
0.17 0.175 0.503676 0.503676
0.17 0.225 0.436603 0.436603
0.17 0.275 0.379492 0.379492
0.17 0.325 0.332333 0.332333
0.17 0.375 0.294908 0.294908
0.17 0.425 0.268258 0.268258
0.17 0.475 0.245712 0.245712
0.17 0.525 0.225575 0.225575
0.17 0.575 0.207502 15.1063
0.17 0.625 0.194732 0.194732
0.17 0.675 0.183492 0.183492
0.17 0.725 0.172106 0.172106
0.17 0.775 0.161723 0.161723
0.17 0.825 0.149839 0.149839
0.17 0.875 0.143994 0.143994
0.17 0.925 0.137931 0.137931
0.17 0.975 0.130856 0.130856

0.19 -0.975 0.338071 0.338071
0.19 -0.925 0.3502 0.3502
0.19 -0.875 0.362692 0.362692
0.19 -0.825 0.379663 0.379663
0.19 -0.775 0.394187 0.394187
0.19 -0.725 0.412688 0.412688
0.19 -0.675 0.427412 0.427412
0.19 -0.625 0.44926 0.44926
0.19 -0.575 0.466237 0.466237
0.19 -0.525 0.488507 0.488507
0.19 -0.475 0.51554 0.51554
0.19 -0.425 0.543018 0.543018
0.19 -0.375 0.572245 0.572245
0.19 -0.325 0.603684 0.603684
0.19 -0.275 0.628525 0.628525
0.19 -0.225 0.659037 0.659037
0.19 -0.175 0.695696 0.695696
0.19 -0.125 0.723925 0.723925
0.19 -0.075 0.760598 0.760598
0.19 -0.025 0.792933 0.792933
0.19 0.025 0.792726 0.792726
0.19 0.075 0.745869 0.745869
0.19 0.125 0.639665 0.639665
0.19 0.175 0.533758 0.533758
0.19 0.225 0.467059 0.467059
0.19 0.275 0.407963 0.407963
0.19 0.325 0.360183 0.360183
0.19 0.375 0.321328 0.321328
0.19 0.425 0.29271 0.29271
0.19 0.475 0.268171 0.268171
0.19 0.525 0.246717 0.246717
0.19 0.575 0.228111 14.6197
0.19 0.625 0.214321 0.214321
0.19 0.675 0.200629 0.200629
0.19 0.725 0.189164 0.189164
0.19 0.775 0.177345 0.177345
0.19 0.825 0.16538 0.16538
0.19 0.875 0.15812 0.15812
0.19 0.925 0.152028 0.152028
0.19 0.975 0.144402 0.144402

0.21 -0.975 0.32856 0.32856
0.21 -0.925 0.340482 0.340482
0.21 -0.875 0.353227 0.353227
0.21 -0.825 0.369599 0.369599
0.21 -0.775 0.383409 0.383409
0.21 -0.725 0.40148 0.40148
0.21 -0.675 0.41714 0.41714
0.21 -0.625 0.438076 0.438076
0.21 -0.575 0.455051 0.455051
0.21 -0.525 0.47683 0.47683
0.21 -0.475 0.502527 0.502527
0.21 -0.425 0.532443 0.532443
0.21 -0.375 0.560957 0.560957
0.21 -0.325 0.590861 0.590861
0.21 -0.275 0.617844 0.617844
0.21 -0.225 0.650608 0.650608
0.21 -0.175 0.683418 0.683418
0.21 -0.125 0.712714 0.712714
0.21 -0.075 0.751996 0.751996
0.21 -0.025 0.766645 0.766645
0.21 0.025 0.772662 0.772662
0.21 0.075 0.74825 0.74825
0.21 0.125 0.66264 0.66264
0.21 0.175 0.560836 0.560836
0.21 0.225 0.495576 0.495576
0.21 0.275 0.435053 0.435053
0.21 0.325 0.385477 0.385477
0.21 0.375 0.346407 0.346407
0.21 0.425 0.316524 0.316524
0.21 0.475 0.289204 0.289204
0.21 0.525 0.265595 0.265595
0.21 0.575 0.247619 14.1492
0.21 0.625 0.232224 0.232224
0.21 0.675 0.217757 0.217757
0.21 0.725 0.205134 0.205134
0.21 0.775 0.193378 0.193378
0.21 0.825 0.180724 0.180724
0.21 0.875 0.171789 0.171789
0.21 0.925 0.165192 0.165192
0.21 0.975 0.157252 0.157252

0.23 -0.975 0.319007 0.319007
0.23 -0.925 0.331042 0.331042
0.23 -0.875 0.343507 0.343507
0.23 -0.825 0.359376 0.359376
0.23 -0.775 0.373037 0.373037
0.23 -0.725 0.390907 0.390907
0.23 -0.675 0.406576 0.406576
0.23 -0.625 0.427058 0.427058
0.23 -0.575 0.443852 0.443852
0.23 -0.525 0.465677 0.465677
0.23 -0.475 0.489751 0.489751
0.23 -0.425 0.520637 0.520637
0.23 -0.375 0.549636 0.549636
0.23 -0.325 0.579109 0.579109
0.23 -0.275 0.606264 0.606264
0.23 -0.225 0.639549 0.639549
0.23 -0.175 0.673065 0.673065
0.23 -0.125 0.701597 0.701597
0.23 -0.075 0.740106 0.740106
0.23 -0.025 0.746796 0.746796
0.23 0.025 0.763206 0.763206
0.23 0.075 0.746661 0.746661
0.23 0.125 0.68141 0.68141
0.23 0.175 0.584301 0.584301
0.23 0.225 0.519727 0.519727
0.23 0.275 0.45955 0.45955
0.23 0.325 0.408619 0.408619
0.23 0.375 0.370238 0.370238
0.23 0.425 0.337464 0.337464
0.23 0.475 0.309568 0.309568
0.23 0.525 0.283691 0.283691
0.23 0.575 0.266774 13.695
0.23 0.625 0.249402 0.249402
0.23 0.675 0.234337 0.234337
0.23 0.725 0.220073 0.220073
0.23 0.775 0.208304 0.208304
0.23 0.825 0.195603 0.195603
0.23 0.875 0.185676 0.185676
0.23 0.925 0.178429 0.178429
0.23 0.975 0.1699 0.1699

0.25 -0.975 0.309454 0.309454
0.25 -0.925 0.321388 0.321388
0.25 -0.875 0.333742 0.333742
0.25 -0.825 0.349183 0.349183
0.25 -0.775 0.363649 0.363649
0.25 -0.725 0.379797 0.379797
0.25 -0.675 0.396084 0.396084
0.25 -0.625 0.416316 0.416316
0.25 -0.575 0.432461 0.432461
0.25 -0.525 0.454753 0.454753
0.25 -0.475 0.477807 0.477807
0.25 -0.425 0.509477 0.509477
0.25 -0.375 0.537557 0.537557
0.25 -0.325 0.567267 0.567267
0.25 -0.275 0.593231 0.593231
0.25 -0.225 0.628303 0.628303
0.25 -0.175 0.663788 0.663788
0.25 -0.125 0.692148 0.692148
0.25 -0.075 0.732342 0.732342
0.25 -0.025 0.744061 0.744061
0.25 0.025 0.773144 0.773144
0.25 0.075 0.755181 0.755181
0.25 0.125 0.698306 0.698306
0.25 0.175 0.605359 0.605359
0.25 0.225 0.540573 0.540573
0.25 0.275 0.482553 0.482553
0.25 0.325 0.43155 0.43155
0.25 0.375 0.391997 0.391997
0.25 0.425 0.356679 0.356679
0.25 0.475 0.328891 0.328891
0.25 0.525 0.30127 0.30127
0.25 0.575 0.284151 13.2552
0.25 0.625 0.265931 0.265931
0.25 0.675 0.250262 0.250262
0.25 0.725 0.235264 0.235264
0.25 0.775 0.222358 0.222358
0.25 0.825 0.208752 0.208752
0.25 0.875 0.198457 0.198457
0.25 0.925 0.191295 0.191295
0.25 0.975 0.18195 0.18195

0.27 -0.975 0.299949 0.299949
0.27 -0.925 0.311441 0.311441
0.27 -0.875 0.323611 0.323611
0.27 -0.825 0.338976 0.338976
0.27 -0.775 0.353041 0.353041
0.27 -0.725 0.369346 0.369346
0.27 -0.675 0.385126 0.385126
0.27 -0.625 0.405196 0.405196
0.27 -0.575 0.421062 0.421062
0.27 -0.525 0.443784 0.443784
0.27 -0.475 0.466075 0.466075
0.27 -0.425 0.496499 0.496499
0.27 -0.375 0.524097 0.524097
0.27 -0.325 0.556194 0.556194
0.27 -0.275 0.580225 0.580225
0.27 -0.225 0.617378 0.617378
0.27 -0.175 0.65059 0.65059
0.27 -0.125 0.680834 0.680834
0.27 -0.075 0.725307 0.725307
0.27 -0.025 0.743876 0.743876
0.27 0.025 0.769565 0.769565
0.27 0.075 0.761583 0.761583
0.27 0.125 0.704719 0.704719
0.27 0.175 0.620493 0.620493
0.27 0.225 0.558997 0.558997
0.27 0.275 0.501005 0.501005
0.27 0.325 0.450601 0.450601
0.27 0.375 0.411387 0.411387
0.27 0.425 0.375494 0.375494
0.27 0.475 0.346729 0.346729
0.27 0.525 0.318026 0.318026
0.27 0.575 0.300249 12.8297
0.27 0.625 0.281142 0.281142
0.27 0.675 0.265584 0.265584
0.27 0.725 0.249521 0.249521
0.27 0.775 0.236205 0.236205
0.27 0.825 0.222139 0.222139
0.27 0.875 0.211095 0.211095
0.27 0.925 0.203335 0.203335
0.27 0.975 0.194191 0.194191

0.29 -0.975 0.291016 0.291016
0.29 -0.925 0.302375 0.302375
0.29 -0.875 0.313878 0.313878
0.29 -0.825 0.328649 0.328649
0.29 -0.775 0.341983 0.341983
0.29 -0.725 0.35899 0.35899
0.29 -0.675 0.37393 0.37393
0.29 -0.625 0.393977 0.393977
0.29 -0.575 0.409143 0.409143
0.29 -0.525 0.431422 0.431422
0.29 -0.475 0.453744 0.453744
0.29 -0.425 0.484646 0.484646
0.29 -0.375 0.510968 0.510968
0.29 -0.325 0.544228 0.544228
0.29 -0.275 0.567971 0.567971
0.29 -0.225 0.602995 0.602995
0.29 -0.175 0.639489 0.639489
0.29 -0.125 0.669504 0.669504
0.29 -0.075 0.715028 0.715028
0.29 -0.025 0.750159 0.750159
0.29 0.025 0.740984 0.740984
0.29 0.075 0.75613 0.75613
0.29 0.125 0.713144 0.713144
0.29 0.175 0.633402 0.633402
0.29 0.225 0.576295 0.576295
0.29 0.275 0.517957 0.517957
0.29 0.325 0.469785 0.469785
0.29 0.375 0.428479 0.428479
0.29 0.425 0.393572 0.393572
0.29 0.475 0.36283 0.36283
0.29 0.525 0.333615 0.333615
0.29 0.575 0.314999 12.4178
0.29 0.625 0.295116 0.295116
0.29 0.675 0.280318 0.280318
0.29 0.725 0.263035 0.263035
0.29 0.775 0.249146 0.249146
0.29 0.825 0.234432 0.234432
0.29 0.875 0.223536 0.223536
0.29 0.925 0.215116 0.215116
0.29 0.975 0.205326 0.205326

0.31 -0.975 0.28186 0.28186
0.31 -0.925 0.292955 0.292955
0.31 -0.875 0.304382 0.304382
0.31 -0.825 0.318142 0.318142
0.31 -0.775 0.331773 0.331773
0.31 -0.725 0.348152 0.348152
0.31 -0.675 0.362807 0.362807
0.31 -0.625 0.382795 0.382795
0.31 -0.575 0.397437 0.397437
0.31 -0.525 0.419915 0.419915
0.31 -0.475 0.44248 0.44248
0.31 -0.425 0.472204 0.472204
0.31 -0.375 0.496954 0.496954
0.31 -0.325 0.532707 0.532707
0.31 -0.275 0.554738 0.554738
0.31 -0.225 0.593869 0.593869
0.31 -0.175 0.628083 0.628083
0.31 -0.125 0.660961 0.660961
0.31 -0.075 0.696749 0.696749
0.31 -0.025 0.720315 0.720315
0.31 0.025 0.729319 0.729319
0.31 0.075 0.75239 0.75239
0.31 0.125 0.721793 0.721793
0.31 0.175 0.64516 0.64516
0.31 0.225 0.588842 0.588842
0.31 0.275 0.533027 0.533027
0.31 0.325 0.486097 0.486097
0.31 0.375 0.443887 0.443887
0.31 0.425 0.409431 0.409431
0.31 0.475 0.377737 0.377737
0.31 0.525 0.3486 0.3486
0.31 0.575 0.330205 12.0209
0.31 0.625 0.308823 0.308823
0.31 0.675 0.293912 0.293912
0.31 0.725 0.275759 0.275759
0.31 0.775 0.261701 0.261701
0.31 0.825 0.246329 0.246329
0.31 0.875 0.235197 0.235197
0.31 0.925 0.226302 0.226302
0.31 0.975 0.216262 0.216262

0.33 -0.975 0.272682 0.272682
0.33 -0.925 0.28301 0.28301
0.33 -0.875 0.294296 0.294296
0.33 -0.825 0.307898 0.307898
0.33 -0.775 0.321698 0.321698
0.33 -0.725 0.337175 0.337175
0.33 -0.675 0.352444 0.352444
0.33 -0.625 0.370849 0.370849
0.33 -0.575 0.385748 0.385748
0.33 -0.525 0.408418 0.408418
0.33 -0.475 0.430263 0.430263
0.33 -0.425 0.4597 0.4597
0.33 -0.375 0.483718 0.483718
0.33 -0.325 0.521622 0.521622
0.33 -0.275 0.542377 0.542377
0.33 -0.225 0.578542 0.578542
0.33 -0.175 0.614894 0.614894
0.33 -0.125 0.654514 0.654514
0.33 -0.075 0.681475 0.681475
0.33 -0.025 0.709305 0.709305
0.33 0.025 0.762382 0.762382
0.33 0.075 0.744386 0.744386
0.33 0.125 0.725332 0.725332
0.33 0.175 0.651801 0.651801
0.33 0.225 0.5989 0.5989
0.33 0.275 0.547851 0.547851
0.33 0.325 0.502482 0.502482
0.33 0.375 0.457559 0.457559
0.33 0.425 0.423965 0.423965
0.33 0.475 0.392416 0.392416
0.33 0.525 0.362096 0.362096
0.33 0.575 0.343615 11.6363
0.33 0.625 0.322472 0.322472
0.33 0.675 0.305863 0.305863
0.33 0.725 0.288569 0.288569
0.33 0.775 0.273246 0.273246
0.33 0.825 0.257538 0.257538
0.33 0.875 0.246502 0.246502
0.33 0.925 0.236839 0.236839
0.33 0.975 0.226814 0.226814

0.35 -0.975 0.263431 0.263431
0.35 -0.925 0.272947 0.272947
0.35 -0.875 0.284431 0.284431
0.35 -0.825 0.297661 0.297661
0.35 -0.775 0.311231 0.311231
0.35 -0.725 0.325598 0.325598
0.35 -0.675 0.341509 0.341509
0.35 -0.625 0.36007 0.36007
0.35 -0.575 0.374411 0.374411
0.35 -0.525 0.396579 0.396579
0.35 -0.475 0.418261 0.418261
0.35 -0.425 0.445825 0.445825
0.35 -0.375 0.470592 0.470592
0.35 -0.325 0.508322 0.508322
0.35 -0.275 0.530624 0.530624
0.35 -0.225 0.565119 0.565119
0.35 -0.175 0.602466 0.602466
0.35 -0.125 0.640965 0.640965
0.35 -0.075 0.666435 0.666435
0.35 -0.025 0.707294 0.707294
0.35 0.025 0.71517 0.71517
0.35 0.075 0.741241 0.741241
0.35 0.125 0.724652 0.724652
0.35 0.175 0.65903 0.65903
0.35 0.225 0.608066 0.608066
0.35 0.275 0.559952 0.559952
0.35 0.325 0.515364 0.515364
0.35 0.375 0.471931 0.471931
0.35 0.425 0.436961 0.436961
0.35 0.475 0.405461 0.405461
0.35 0.525 0.37629 0.37629
0.35 0.575 0.356476 11.2647
0.35 0.625 0.334927 0.334927
0.35 0.675 0.317973 0.317973
0.35 0.725 0.30002 0.30002
0.35 0.775 0.284743 0.284743
0.35 0.825 0.268958 0.268958
0.35 0.875 0.257361 0.257361
0.35 0.925 0.247049 0.247049
0.35 0.975 0.236991 0.236991

0.37 -0.975 0.254219 0.254219
0.37 -0.925 0.263825 0.263825
0.37 -0.875 0.274951 0.274951
0.37 -0.825 0.286949 0.286949
0.37 -0.775 0.300655 0.300655
0.37 -0.725 0.314285 0.314285
0.37 -0.675 0.330354 0.330354
0.37 -0.625 0.34952 0.34952
0.37 -0.575 0.363305 0.363305
0.37 -0.525 0.384639 0.384639
0.37 -0.475 0.406329 0.406329
0.37 -0.425 0.432727 0.432727
0.37 -0.375 0.457989 0.457989
0.37 -0.325 0.494739 0.494739
0.37 -0.275 0.519117 0.519117
0.37 -0.225 0.551293 0.551293
0.37 -0.175 0.590059 0.590059
0.37 -0.125 0.626676 0.626676
0.37 -0.075 0.652999 0.652999
0.37 -0.025 0.693487 0.693487
0.37 0.025 0.704979 0.704979
0.37 0.075 0.738734 0.738734
0.37 0.125 0.720778 0.720778
0.37 0.175 0.664421 0.664421
0.37 0.225 0.617279 0.617279
0.37 0.275 0.571329 0.571329
0.37 0.325 0.526271 0.526271
0.37 0.375 0.483675 0.483675
0.37 0.425 0.448648 0.448648
0.37 0.475 0.417013 0.417013
0.37 0.525 0.389348 0.389348
0.37 0.575 0.368856 10.9057
0.37 0.625 0.346592 0.346592
0.37 0.675 0.329286 0.329286
0.37 0.725 0.310632 0.310632
0.37 0.775 0.295837 0.295837
0.37 0.825 0.279529 0.279529
0.37 0.875 0.267694 0.267694
0.37 0.925 0.256962 0.256962
0.37 0.975 0.246606 0.246606

0.39 -0.975 0.245219 0.245219
0.39 -0.925 0.254143 0.254143
0.39 -0.875 0.26509 0.26509
0.39 -0.825 0.276662 0.276662
0.39 -0.775 0.290268 0.290268
0.39 -0.725 0.303811 0.303811
0.39 -0.675 0.319083 0.319083
0.39 -0.625 0.337426 0.337426
0.39 -0.575 0.352534 0.352534
0.39 -0.525 0.372771 0.372771
0.39 -0.475 0.393559 0.393559
0.39 -0.425 0.419968 0.419968
0.39 -0.375 0.445293 0.445293
0.39 -0.325 0.480264 0.480264
0.39 -0.275 0.507897 0.507897
0.39 -0.225 0.535593 0.535593
0.39 -0.175 0.575165 0.575165
0.39 -0.125 0.613789 0.613789
0.39 -0.075 0.637891 0.637891
0.39 -0.025 0.687677 0.687677
0.39 0.025 0.690968 0.690968
0.39 0.075 0.734321 0.734321
0.39 0.125 0.717312 0.717312
0.39 0.175 0.666507 0.666507
0.39 0.225 0.624653 0.624653
0.39 0.275 0.580002 0.580002
0.39 0.325 0.535125 0.535125
0.39 0.375 0.494276 0.494276
0.39 0.425 0.459959 0.459959
0.39 0.475 0.429007 0.429007
0.39 0.525 0.401329 0.401329
0.39 0.575 0.379972 10.558
0.39 0.625 0.358301 0.358301
0.39 0.675 0.339921 0.339921
0.39 0.725 0.321028 0.321028
0.39 0.775 0.305831 0.305831
0.39 0.825 0.289145 0.289145
0.39 0.875 0.27756 0.27756
0.39 0.925 0.266158 0.266158
0.39 0.975 0.255532 0.255532

0.41 -0.975 0.236299 0.236299
0.41 -0.925 0.244374 0.244374
0.41 -0.875 0.255705 0.255705
0.41 -0.825 0.266594 0.266594
0.41 -0.775 0.280054 0.280054
0.41 -0.725 0.292628 0.292628
0.41 -0.675 0.30741 0.30741
0.41 -0.625 0.325111 0.325111
0.41 -0.575 0.340431 0.340431
0.41 -0.525 0.360251 0.360251
0.41 -0.475 0.380031 0.380031
0.41 -0.425 0.407016 0.407016
0.41 -0.375 0.431993 0.431993
0.41 -0.325 0.467965 0.467965
0.41 -0.275 0.495128 0.495128
0.41 -0.225 0.523596 0.523596
0.41 -0.175 0.565515 0.565515
0.41 -0.125 0.602392 0.602392
0.41 -0.075 0.623919 0.623919
0.41 -0.025 0.652252 0.652252
0.41 0.025 0.691251 0.691251
0.41 0.075 0.721078 0.721078
0.41 0.125 0.708529 0.708529
0.41 0.175 0.66686 0.66686
0.41 0.225 0.629284 0.629284
0.41 0.275 0.585829 0.585829
0.41 0.325 0.543868 0.543868
0.41 0.375 0.504238 0.504238
0.41 0.425 0.470362 0.470362
0.41 0.475 0.439909 0.439909
0.41 0.525 0.411812 0.411812
0.41 0.575 0.39109 10.2226
0.41 0.625 0.368828 0.368828
0.41 0.675 0.350202 0.350202
0.41 0.725 0.331211 0.331211
0.41 0.775 0.314948 0.314948
0.41 0.825 0.298517 0.298517
0.41 0.875 0.286859 0.286859
0.41 0.925 0.274478 0.274478
0.41 0.975 0.263982 0.263982

0.43 -0.975 0.226847 0.226847
0.43 -0.925 0.234863 0.234863
0.43 -0.875 0.246171 0.246171
0.43 -0.825 0.256593 0.256593
0.43 -0.775 0.26947 0.26947
0.43 -0.725 0.281931 0.281931
0.43 -0.675 0.295855 0.295855
0.43 -0.625 0.31354 0.31354
0.43 -0.575 0.328517 0.328517
0.43 -0.525 0.347915 0.347915
0.43 -0.475 0.367708 0.367708
0.43 -0.425 0.394584 0.394584
0.43 -0.375 0.418181 0.418181
0.43 -0.325 0.45365 0.45365
0.43 -0.275 0.481444 0.481444
0.43 -0.225 0.510818 0.510818
0.43 -0.175 0.55365 0.55365
0.43 -0.125 0.592647 0.592647
0.43 -0.075 0.620964 0.620964
0.43 -0.025 0.63729 0.63729
0.43 0.025 0.66449 0.66449
0.43 0.075 0.70922 0.70922
0.43 0.125 0.701818 0.701818
0.43 0.175 0.666924 0.666924
0.43 0.225 0.631285 0.631285
0.43 0.275 0.591047 0.591047
0.43 0.325 0.552043 0.552043
0.43 0.375 0.513334 0.513334
0.43 0.425 0.47987 0.47987
0.43 0.475 0.450429 0.450429
0.43 0.525 0.421557 0.421557
0.43 0.575 0.400623 9.89738
0.43 0.625 0.379047 0.379047
0.43 0.675 0.36012 0.36012
0.43 0.725 0.340251 0.340251
0.43 0.775 0.323068 0.323068
0.43 0.825 0.306652 0.306652
0.43 0.875 0.296304 0.296304
0.43 0.925 0.283067 0.283067
0.43 0.975 0.272443 0.272443

0.45 -0.975 0.217661 0.217661
0.45 -0.925 0.226031 0.226031
0.45 -0.875 0.236097 0.236097
0.45 -0.825 0.246078 0.246078
0.45 -0.775 0.259366 0.259366
0.45 -0.725 0.271248 0.271248
0.45 -0.675 0.284052 0.284052
0.45 -0.625 0.301416 0.301416
0.45 -0.575 0.316558 0.316558
0.45 -0.525 0.33487 0.33487
0.45 -0.475 0.355379 0.355379
0.45 -0.425 0.381949 0.381949
0.45 -0.375 0.404672 0.404672
0.45 -0.325 0.440192 0.440192
0.45 -0.275 0.467743 0.467743
0.45 -0.225 0.496086 0.496086
0.45 -0.175 0.54115 0.54115
0.45 -0.125 0.582377 0.582377
0.45 -0.075 0.618388 0.618388
0.45 -0.025 0.632644 0.632644
0.45 0.025 0.667937 0.667937
0.45 0.075 0.707633 0.707633
0.45 0.125 0.700056 0.700056
0.45 0.175 0.665774 0.665774
0.45 0.225 0.632964 0.632964
0.45 0.275 0.596041 0.596041
0.45 0.325 0.559188 0.559188
0.45 0.375 0.520275 0.520275
0.45 0.425 0.489105 0.489105
0.45 0.475 0.459261 0.459261
0.45 0.525 0.430441 0.430441
0.45 0.575 0.409891 9.5833
0.45 0.625 0.387033 0.387033
0.45 0.675 0.37007 0.37007
0.45 0.725 0.348012 0.348012
0.45 0.775 0.331367 0.331367
0.45 0.825 0.315291 0.315291
0.45 0.875 0.304242 0.304242
0.45 0.925 0.290967 0.290967
0.45 0.975 0.279977 0.279977

0.47 -0.975 0.208868 0.208868
0.47 -0.925 0.216939 0.216939
0.47 -0.875 0.225744 0.225744
0.47 -0.825 0.236192 0.236192
0.47 -0.775 0.249219 0.249219
0.47 -0.725 0.26019 0.26019
0.47 -0.675 0.273203 0.273203
0.47 -0.625 0.289973 0.289973
0.47 -0.575 0.304962 0.304962
0.47 -0.525 0.322876 0.322876
0.47 -0.475 0.342578 0.342578
0.47 -0.425 0.367884 0.367884
0.47 -0.375 0.391554 0.391554
0.47 -0.325 0.425051 0.425051
0.47 -0.275 0.453688 0.453688
0.47 -0.225 0.483583 0.483583
0.47 -0.175 0.529205 0.529205
0.47 -0.125 0.571018 0.571018
0.47 -0.075 0.606959 0.606959
0.47 -0.025 0.62689 0.62689
0.47 0.025 0.660542 0.660542
0.47 0.075 0.694332 0.694332
0.47 0.125 0.693778 0.693778
0.47 0.175 0.66535 0.66535
0.47 0.225 0.634777 0.634777
0.47 0.275 0.60038 0.60038
0.47 0.325 0.565386 0.565386
0.47 0.375 0.525935 0.525935
0.47 0.425 0.496723 0.496723
0.47 0.475 0.466946 0.466946
0.47 0.525 0.438339 0.438339
0.47 0.575 0.418961 9.28004
0.47 0.625 0.395285 0.395285
0.47 0.675 0.377885 0.377885
0.47 0.725 0.35601 0.35601
0.47 0.775 0.33938 0.33938
0.47 0.825 0.323444 0.323444
0.47 0.875 0.3118 0.3118
0.47 0.925 0.298744 0.298744
0.47 0.975 0.28723 0.28723

0.49 -0.975 0.200092 0.200092
0.49 -0.925 0.207977 0.207977
0.49 -0.875 0.215777 0.215777
0.49 -0.825 0.226657 0.226657
0.49 -0.775 0.239492 0.239492
0.49 -0.725 0.249321 0.249321
0.49 -0.675 0.262641 0.262641
0.49 -0.625 0.278932 0.278932
0.49 -0.575 0.292599 0.292599
0.49 -0.525 0.310725 0.310725
0.49 -0.475 0.329624 0.329624
0.49 -0.425 0.355405 0.355405
0.49 -0.375 0.377962 0.377962
0.49 -0.325 0.411091 0.411091
0.49 -0.275 0.438442 0.438442
0.49 -0.225 0.470148 0.470148
0.49 -0.175 0.514734 0.514734
0.49 -0.125 0.556801 0.556801
0.49 -0.075 0.594984 0.594984
0.49 -0.025 0.605515 0.605515
0.49 0.025 0.637826 0.637826
0.49 0.075 0.673359 0.673359
0.49 0.125 0.687584 0.687584
0.49 0.175 0.659628 0.659628
0.49 0.225 0.635335 0.635335
0.49 0.275 0.603621 0.603621
0.49 0.325 0.570452 0.570452
0.49 0.375 0.53295 0.53295
0.49 0.425 0.503997 0.503997
0.49 0.475 0.474551 0.474551
0.49 0.525 0.445565 0.445565
0.49 0.575 0.42637 8.98575
0.49 0.625 0.403186 0.403186
0.49 0.675 0.384714 0.384714
0.49 0.725 0.36327 0.36327
0.49 0.775 0.347182 0.347182
0.49 0.825 0.331103 0.331103
0.49 0.875 0.318834 0.318834
0.49 0.925 0.306117 0.306117
0.49 0.975 0.293893 0.293893

0.51 -0.975 0.191062 0.191062
0.51 -0.925 0.198992 0.198992
0.51 -0.875 0.206427 0.206427
0.51 -0.825 0.21664 0.21664
0.51 -0.775 0.228627 0.228627
0.51 -0.725 0.238678 0.238678
0.51 -0.675 0.252213 0.252213
0.51 -0.625 0.267642 0.267642
0.51 -0.575 0.281128 0.281128
0.51 -0.525 0.29795 0.29795
0.51 -0.475 0.317105 0.317105
0.51 -0.425 0.342246 0.342246
0.51 -0.375 0.363899 0.363899
0.51 -0.325 0.396827 0.396827
0.51 -0.275 0.424217 0.424217
0.51 -0.225 0.455182 0.455182
0.51 -0.175 0.499808 0.499808
0.51 -0.125 0.542224 0.542224
0.51 -0.075 0.588427 0.588427
0.51 -0.025 0.592247 0.592247
0.51 0.025 0.632011 0.632011
0.51 0.075 0.66187 0.66187
0.51 0.125 0.680792 0.680792
0.51 0.175 0.655685 0.655685
0.51 0.225 0.631893 0.631893
0.51 0.275 0.604416 0.604416
0.51 0.325 0.572724 0.572724
0.51 0.375 0.539115 0.539115
0.51 0.425 0.510327 0.510327
0.51 0.475 0.481472 0.481472
0.51 0.525 0.4527 0.4527
0.51 0.575 0.433578 8.70153
0.51 0.625 0.409884 0.409884
0.51 0.675 0.391943 0.391943
0.51 0.725 0.370534 0.370534
0.51 0.775 0.354021 0.354021
0.51 0.825 0.338021 0.338021
0.51 0.875 0.325615 0.325615
0.51 0.925 0.313175 0.313175
0.51 0.975 0.300491 0.300491

0.53 -0.975 0.182085 0.182085
0.53 -0.925 0.19014 0.19014
0.53 -0.875 0.197538 0.197538
0.53 -0.825 0.207156 0.207156
0.53 -0.775 0.217604 0.217604
0.53 -0.725 0.228421 0.228421
0.53 -0.675 0.241289 0.241289
0.53 -0.625 0.256547 0.256547
0.53 -0.575 0.26985 0.26985
0.53 -0.525 0.286119 0.286119
0.53 -0.475 0.304988 0.304988
0.53 -0.425 0.329214 0.329214
0.53 -0.375 0.349691 0.349691
0.53 -0.325 0.382824 0.382824
0.53 -0.275 0.409186 0.409186
0.53 -0.225 0.440499 0.440499
0.53 -0.175 0.48459 0.48459
0.53 -0.125 0.532851 0.532851
0.53 -0.075 0.568389 0.568389
0.53 -0.025 0.593592 0.593592
0.53 0.025 0.624507 0.624507
0.53 0.075 0.652778 0.652778
0.53 0.125 0.672438 0.672438
0.53 0.175 0.650843 0.650843
0.53 0.225 0.629266 0.629266
0.53 0.275 0.604392 0.604392
0.53 0.325 0.574921 0.574921
0.53 0.375 0.543821 0.543821
0.53 0.425 0.515832 0.515832
0.53 0.475 0.486638 0.486638
0.53 0.525 0.458269 0.458269
0.53 0.575 0.43961 8.42605
0.53 0.625 0.416789 0.416789
0.53 0.675 0.398245 0.398245
0.53 0.725 0.377279 0.377279
0.53 0.775 0.360277 0.360277
0.53 0.825 0.344702 0.344702
0.53 0.875 0.331997 0.331997
0.53 0.925 0.319968 0.319968
0.53 0.975 0.30681 0.30681

0.55 -0.975 0.173476 0.173476
0.55 -0.925 0.181155 0.181155
0.55 -0.875 0.18801 0.18801
0.55 -0.825 0.197798 0.197798
0.55 -0.775 0.20716 0.20716
0.55 -0.725 0.218062 0.218062
0.55 -0.675 0.230439 0.230439
0.55 -0.625 0.244418 0.244418
0.55 -0.575 0.258213 0.258213
0.55 -0.525 0.273995 0.273995
0.55 -0.475 0.292388 0.292388
0.55 -0.425 0.315501 0.315501
0.55 -0.375 0.33649 0.33649
0.55 -0.325 0.368164 0.368164
0.55 -0.275 0.395514 0.395514
0.55 -0.225 0.427783 0.427783
0.55 -0.175 0.470449 0.470449
0.55 -0.125 0.519282 0.519282
0.55 -0.075 0.547883 0.547883
0.55 -0.025 0.581 0.581
0.55 0.025 0.639358 0.639358
0.55 0.075 0.644883 0.644883
0.55 0.125 0.663305 0.663305
0.55 0.175 0.644213 0.644213
0.55 0.225 0.626451 0.626451
0.55 0.275 0.603034 0.603034
0.55 0.325 0.577201 0.577201
0.55 0.375 0.547086 0.547086
0.55 0.425 0.520434 0.520434
0.55 0.475 0.491971 0.491971
0.55 0.525 0.462912 0.462912
0.55 0.575 0.444488 8.15901
0.55 0.625 0.423514 0.423514
0.55 0.675 0.403872 0.403872
0.55 0.725 0.383262 0.383262
0.55 0.775 0.366174 0.366174
0.55 0.825 0.351423 0.351423
0.55 0.875 0.338254 0.338254
0.55 0.925 0.325755 0.325755
0.55 0.975 0.312739 0.312739

0.57 -0.975 0.164556 0.164556
0.57 -0.925 0.172351 0.172351
0.57 -0.875 0.178583 0.178583
0.57 -0.825 0.187871 0.187871
0.57 -0.775 0.196787 0.196787
0.57 -0.725 0.207727 0.207727
0.57 -0.675 0.21961 0.21961
0.57 -0.625 0.233065 0.233065
0.57 -0.575 0.246017 0.246017
0.57 -0.525 0.261767 0.261767
0.57 -0.475 0.279381 0.279381
0.57 -0.425 0.302842 0.302842
0.57 -0.375 0.323382 0.323382
0.57 -0.325 0.354719 0.354719
0.57 -0.275 0.380262 0.380262
0.57 -0.225 0.413285 0.413285
0.57 -0.175 0.455389 0.455389
0.57 -0.125 0.505844 0.505844
0.57 -0.075 0.538841 0.538841
0.57 -0.025 0.566205 0.566205
0.57 0.025 0.617392 0.617392
0.57 0.075 0.634388 0.634388
0.57 0.125 0.652242 0.652242
0.57 0.175 0.639393 0.639393
0.57 0.225 0.623918 0.623918
0.57 0.275 0.602271 0.602271
0.57 0.325 0.578167 0.578167
0.57 0.375 0.548798 0.548798
0.57 0.425 0.524485 0.524485
0.57 0.475 0.496082 0.496082
0.57 0.525 0.468426 0.468426
0.57 0.575 0.448998 7.90086
0.57 0.625 0.428473 0.428473
0.57 0.675 0.409692 0.409692
0.57 0.725 0.388693 0.388693
0.57 0.775 0.371843 0.371843
0.57 0.825 0.357511 0.357511
0.57 0.875 0.343706 0.343706
0.57 0.925 0.330865 0.330865
0.57 0.975 0.318265 0.318265

0.59 -0.975 0.156293 0.156293
0.59 -0.925 0.163328 0.163328
0.59 -0.875 0.169011 0.169011
0.59 -0.825 0.178508 0.178508
0.59 -0.775 0.186799 0.186799
0.59 -0.725 0.197046 0.197046
0.59 -0.675 0.209122 0.209122
0.59 -0.625 0.221036 0.221036
0.59 -0.575 0.234712 0.234712
0.59 -0.525 0.249595 0.249595
0.59 -0.475 0.267068 0.267068
0.59 -0.425 0.290337 0.290337
0.59 -0.375 0.309565 0.309565
0.59 -0.325 0.339429 0.339429
0.59 -0.275 0.366124 0.366124
0.59 -0.225 0.401445 0.401445
0.59 -0.175 0.44149 0.44149
0.59 -0.125 0.490826 0.490826
0.59 -0.075 0.525459 0.525459
0.59 -0.025 0.557544 0.557544
0.59 0.025 0.603731 0.603731
0.59 0.075 0.623102 0.623102
0.59 0.125 0.638447 0.638447
0.59 0.175 0.632364 0.632364
0.59 0.225 0.622157 0.622157
0.59 0.275 0.601059 0.601059
0.59 0.325 0.578646 0.578646
0.59 0.375 0.550996 0.550996
0.59 0.425 0.5272 0.5272
0.59 0.475 0.499694 0.499694
0.59 0.525 0.472585 0.472585
0.59 0.575 0.453577 7.65171
0.59 0.625 0.432696 0.432696
0.59 0.675 0.414437 0.414437
0.59 0.725 0.394144 0.394144
0.59 0.775 0.376415 0.376415
0.59 0.825 0.362564 0.362564
0.59 0.875 0.34905 0.34905
0.59 0.925 0.336389 0.336389
0.59 0.975 0.323676 0.323676

0.61 -0.975 0.147857 0.147857
0.61 -0.925 0.153991 0.153991
0.61 -0.875 0.1601 0.1601
0.61 -0.825 0.168793 0.168793
0.61 -0.775 0.176759 0.176759
0.61 -0.725 0.186816 0.186816
0.61 -0.675 0.198448 0.198448
0.61 -0.625 0.209707 0.209707
0.61 -0.575 0.223014 0.223014
0.61 -0.525 0.23774 0.23774
0.61 -0.475 0.254682 0.254682
0.61 -0.425 0.27684 0.27684
0.61 -0.375 0.295516 0.295516
0.61 -0.325 0.323528 0.323528
0.61 -0.275 0.350385 0.350385
0.61 -0.225 0.385406 0.385406
0.61 -0.175 0.426476 0.426476
0.61 -0.125 0.477172 0.477172
0.61 -0.075 0.520008 0.520008
0.61 -0.025 0.550764 0.550764
0.61 0.025 0.584663 0.584663
0.61 0.075 0.607691 0.607691
0.61 0.125 0.630443 0.630443
0.61 0.175 0.623613 0.623613
0.61 0.225 0.617905 0.617905
0.61 0.275 0.60171 0.60171
0.61 0.325 0.578004 0.578004
0.61 0.375 0.550568 0.550568
0.61 0.425 0.528764 0.528764
0.61 0.475 0.502225 0.502225
0.61 0.525 0.476188 0.476188
0.61 0.575 0.45746 7.41052
0.61 0.625 0.43761 0.43761
0.61 0.675 0.419282 0.419282
0.61 0.725 0.399149 0.399149
0.61 0.775 0.38038 0.38038
0.61 0.825 0.367325 0.367325
0.61 0.875 0.353847 0.353847
0.61 0.925 0.341182 0.341182
0.61 0.975 0.328332 0.328332

0.63 -0.975 0.139628 0.139628
0.63 -0.925 0.145169 0.145169
0.63 -0.875 0.151004 0.151004
0.63 -0.825 0.159389 0.159389
0.63 -0.775 0.166984 0.166984
0.63 -0.725 0.176557 0.176557
0.63 -0.675 0.187961 0.187961
0.63 -0.625 0.198635 0.198635
0.63 -0.575 0.211456 0.211456
0.63 -0.525 0.22576 0.22576
0.63 -0.475 0.242139 0.242139
0.63 -0.425 0.263118 0.263118
0.63 -0.375 0.281353 0.281353
0.63 -0.325 0.309269 0.309269
0.63 -0.275 0.333859 0.333859
0.63 -0.225 0.369409 0.369409
0.63 -0.175 0.412539 0.412539
0.63 -0.125 0.463991 0.463991
0.63 -0.075 0.510057 0.510057
0.63 -0.025 0.544873 0.544873
0.63 0.025 0.559222 0.559222
0.63 0.075 0.590875 0.590875
0.63 0.125 0.619908 0.619908
0.63 0.175 0.613823 0.613823
0.63 0.225 0.61262 0.61262
0.63 0.275 0.600624 0.600624
0.63 0.325 0.576507 0.576507
0.63 0.375 0.550424 0.550424
0.63 0.425 0.5304 0.5304
0.63 0.475 0.503382 0.503382
0.63 0.525 0.479885 0.479885
0.63 0.575 0.461296 7.17762
0.63 0.625 0.441664 0.441664
0.63 0.675 0.423369 0.423369
0.63 0.725 0.403328 0.403328
0.63 0.775 0.38503 0.38503
0.63 0.825 0.372574 0.372574
0.63 0.875 0.358082 0.358082
0.63 0.925 0.345545 0.345545
0.63 0.975 0.333118 0.333118

0.65 -0.975 0.131347 0.131347
0.65 -0.925 0.136165 0.136165
0.65 -0.875 0.141684 0.141684
0.65 -0.825 0.150196 0.150196
0.65 -0.775 0.156849 0.156849
0.65 -0.725 0.166196 0.166196
0.65 -0.675 0.17741 0.17741
0.65 -0.625 0.187585 0.187585
0.65 -0.575 0.199614 0.199614
0.65 -0.525 0.214049 0.214049
0.65 -0.475 0.229707 0.229707
0.65 -0.425 0.249873 0.249873
0.65 -0.375 0.267537 0.267537
0.65 -0.325 0.294763 0.294763
0.65 -0.275 0.317783 0.317783
0.65 -0.225 0.353995 0.353995
0.65 -0.175 0.39766 0.39766
0.65 -0.125 0.447054 0.447054
0.65 -0.075 0.488739 0.488739
0.65 -0.025 0.526187 0.526187
0.65 0.025 0.553574 0.553574
0.65 0.075 0.581377 0.581377
0.65 0.125 0.612577 0.612577
0.65 0.175 0.607024 0.607024
0.65 0.225 0.606566 0.606566
0.65 0.275 0.596169 0.596169
0.65 0.325 0.573829 0.573829
0.65 0.375 0.549857 0.549857
0.65 0.425 0.530254 0.530254
0.65 0.475 0.505175 0.505175
0.65 0.525 0.482373 0.482373
0.65 0.575 0.46415 6.95179
0.65 0.625 0.44511 0.44511
0.65 0.675 0.427122 0.427122
0.65 0.725 0.406872 0.406872
0.65 0.775 0.389107 0.389107
0.65 0.825 0.376743 0.376743
0.65 0.875 0.361551 0.361551
0.65 0.925 0.349661 0.349661
0.65 0.975 0.337272 0.337272

0.67 -0.975 0.123049 0.123049
0.67 -0.925 0.12742 0.12742
0.67 -0.875 0.132609 0.132609
0.67 -0.825 0.140758 0.140758
0.67 -0.775 0.146562 0.146562
0.67 -0.725 0.155744 0.155744
0.67 -0.675 0.166773 0.166773
0.67 -0.625 0.176686 0.176686
0.67 -0.575 0.18783 0.18783
0.67 -0.525 0.201765 0.201765
0.67 -0.475 0.216555 0.216555
0.67 -0.425 0.236083 0.236083
0.67 -0.375 0.254152 0.254152
0.67 -0.325 0.280524 0.280524
0.67 -0.275 0.30137 0.30137
0.67 -0.225 0.338907 0.338907
0.67 -0.175 0.384301 0.384301
0.67 -0.125 0.431879 0.431879
0.67 -0.075 0.469462 0.469462
0.67 -0.025 0.521048 0.521048
0.67 0.025 0.551894 0.551894
0.67 0.075 0.573951 0.573951
0.67 0.125 0.602475 0.602475
0.67 0.175 0.600447 0.600447
0.67 0.225 0.601497 0.601497
0.67 0.275 0.590743 0.590743
0.67 0.325 0.571148 0.571148
0.67 0.375 0.549138 0.549138
0.67 0.425 0.530284 0.530284
0.67 0.475 0.505937 0.505937
0.67 0.525 0.484482 0.484482
0.67 0.575 0.467408 6.73416
0.67 0.625 0.447976 0.447976
0.67 0.675 0.429999 0.429999
0.67 0.725 0.410075 0.410075
0.67 0.775 0.392547 0.392547
0.67 0.825 0.380248 0.380248
0.67 0.875 0.365087 0.365087
0.67 0.925 0.353288 0.353288
0.67 0.975 0.340872 0.340872

0.69 -0.975 0.114296 0.114296
0.69 -0.925 0.119106 0.119106
0.69 -0.875 0.123819 0.123819
0.69 -0.825 0.131717 0.131717
0.69 -0.775 0.136838 0.136838
0.69 -0.725 0.145877 0.145877
0.69 -0.675 0.156061 0.156061
0.69 -0.625 0.165419 0.165419
0.69 -0.575 0.175903 0.175903
0.69 -0.525 0.189952 0.189952
0.69 -0.475 0.203751 0.203751
0.69 -0.425 0.221347 0.221347
0.69 -0.375 0.239868 0.239868
0.69 -0.325 0.265169 0.265169
0.69 -0.275 0.285469 0.285469
0.69 -0.225 0.32519 0.32519
0.69 -0.175 0.367164 0.367164
0.69 -0.125 0.413129 0.413129
0.69 -0.075 0.454416 0.454416
0.69 -0.025 0.524157 0.524157
0.69 0.025 0.535733 0.535733
0.69 0.075 0.565647 0.565647
0.69 0.125 0.592264 0.592264
0.69 0.175 0.591396 0.591396
0.69 0.225 0.594322 0.594322
0.69 0.275 0.585246 0.585246
0.69 0.325 0.567241 0.567241
0.69 0.375 0.547167 0.547167
0.69 0.425 0.530045 0.530045
0.69 0.475 0.506986 0.506986
0.69 0.525 0.48548 0.48548
0.69 0.575 0.469643 6.52303
0.69 0.625 0.450079 0.450079
0.69 0.675 0.432482 0.432482
0.69 0.725 0.413038 0.413038
0.69 0.775 0.396013 0.396013
0.69 0.825 0.383316 0.383316
0.69 0.875 0.368633 0.368633
0.69 0.925 0.356853 0.356853
0.69 0.975 0.344186 0.344186

0.71 -0.975 0.105717 0.105717
0.71 -0.925 0.110178 0.110178
0.71 -0.875 0.115325 0.115325
0.71 -0.825 0.122409 0.122409
0.71 -0.775 0.12723 0.12723
0.71 -0.725 0.135618 0.135618
0.71 -0.675 0.145006 0.145006
0.71 -0.625 0.153733 0.153733
0.71 -0.575 0.16389 0.16389
0.71 -0.525 0.177715 0.177715
0.71 -0.475 0.191473 0.191473
0.71 -0.425 0.207257 0.207257
0.71 -0.375 0.223924 0.223924
0.71 -0.325 0.249754 0.249754
0.71 -0.275 0.270215 0.270215
0.71 -0.225 0.31025 0.31025
0.71 -0.175 0.348119 0.348119
0.71 -0.125 0.397642 0.397642
0.71 -0.075 0.438233 0.438233
0.71 -0.025 0.48489 0.48489
0.71 0.025 0.51281 0.51281
0.71 0.075 0.553104 0.553104
0.71 0.125 0.578061 0.578061
0.71 0.175 0.583956 0.583956
0.71 0.225 0.586572 0.586572
0.71 0.275 0.577754 0.577754
0.71 0.325 0.563259 0.563259
0.71 0.375 0.544389 0.544389
0.71 0.425 0.529142 0.529142
0.71 0.475 0.50807 0.50807
0.71 0.525 0.48595 0.48595
0.71 0.575 0.470558 6.31784
0.71 0.625 0.452382 0.452382
0.71 0.675 0.434242 0.434242
0.71 0.725 0.415394 0.415394
0.71 0.775 0.398738 0.398738
0.71 0.825 0.386156 0.386156
0.71 0.875 0.371719 0.371719
0.71 0.925 0.360191 0.360191
0.71 0.975 0.347584 0.347584

0.73 -0.975 0.0974943 0.0974943
0.73 -0.925 0.101822 0.101822
0.73 -0.875 0.106556 0.106556
0.73 -0.825 0.113128 0.113128
0.73 -0.775 0.117751 0.117751
0.73 -0.725 0.125415 0.125415
0.73 -0.675 0.134625 0.134625
0.73 -0.625 0.142017 0.142017
0.73 -0.575 0.152415 0.152415
0.73 -0.525 0.165266 0.165266
0.73 -0.475 0.178247 0.178247
0.73 -0.425 0.192976 0.192976
0.73 -0.375 0.208873 0.208873
0.73 -0.325 0.234842 0.234842
0.73 -0.275 0.254405 0.254405
0.73 -0.225 0.293301 0.293301
0.73 -0.175 0.329532 0.329532
0.73 -0.125 0.380066 0.380066
0.73 -0.075 0.427386 0.427386
0.73 -0.025 0.463486 0.463486
0.73 0.025 0.51018 0.51018
0.73 0.075 0.534188 0.534188
0.73 0.125 0.56867 0.56867
0.73 0.175 0.576344 0.576344
0.73 0.225 0.57634 0.57634
0.73 0.275 0.571503 0.571503
0.73 0.325 0.559484 0.559484
0.73 0.375 0.541887 0.541887
0.73 0.425 0.528063 0.528063
0.73 0.475 0.507415 0.507415
0.73 0.525 0.485844 0.485844
0.73 0.575 0.471644 6.11983
0.73 0.625 0.453617 0.453617
0.73 0.675 0.435519 0.435519
0.73 0.725 0.417599 0.417599
0.73 0.775 0.401225 0.401225
0.73 0.825 0.388623 0.388623
0.73 0.875 0.374678 0.374678
0.73 0.925 0.363004 0.363004
0.73 0.975 0.350673 0.350673

0.75 -0.975 0.0898736 0.0898736
0.75 -0.925 0.0934605 0.0934605
0.75 -0.875 0.0979728 0.0979728
0.75 -0.825 0.103884 0.103884
0.75 -0.775 0.108349 0.108349
0.75 -0.725 0.115364 0.115364
0.75 -0.675 0.124032 0.124032
0.75 -0.625 0.130456 0.130456
0.75 -0.575 0.140335 0.140335
0.75 -0.525 0.152516 0.152516
0.75 -0.475 0.164466 0.164466
0.75 -0.425 0.17811 0.17811
0.75 -0.375 0.194038 0.194038
0.75 -0.325 0.219384 0.219384
0.75 -0.275 0.238044 0.238044
0.75 -0.225 0.275284 0.275284
0.75 -0.175 0.309747 0.309747
0.75 -0.125 0.364805 0.364805
0.75 -0.075 0.41384 0.41384
0.75 -0.025 0.459754 0.459754
0.75 0.025 0.506646 0.506646
0.75 0.075 0.522249 0.522249
0.75 0.125 0.556001 0.556001
0.75 0.175 0.566751 0.566751
0.75 0.225 0.566123 0.566123
0.75 0.275 0.564061 0.564061
0.75 0.325 0.555384 0.555384
0.75 0.375 0.538335 0.538335
0.75 0.425 0.52599 0.52599
0.75 0.475 0.506479 0.506479
0.75 0.525 0.486024 0.486024
0.75 0.575 0.472316 5.9282
0.75 0.625 0.454408 0.454408
0.75 0.675 0.436617 0.436617
0.75 0.725 0.418893 0.418893
0.75 0.775 0.402406 0.402406
0.75 0.825 0.391032 0.391032
0.75 0.875 0.3771 0.3771
0.75 0.925 0.365731 0.365731
0.75 0.975 0.353452 0.353452

0.77 -0.975 0.0821383 0.0821383
0.77 -0.925 0.0854133 0.0854133
0.77 -0.875 0.0895714 0.0895714
0.77 -0.825 0.0947925 0.0947925
0.77 -0.775 0.0989966 0.0989966
0.77 -0.725 0.105048 0.105048
0.77 -0.675 0.113535 0.113535
0.77 -0.625 0.119302 0.119302
0.77 -0.575 0.127928 0.127928
0.77 -0.525 0.140006 0.140006
0.77 -0.475 0.150957 0.150957
0.77 -0.425 0.1635 0.1635
0.77 -0.375 0.179561 0.179561
0.77 -0.325 0.20186 0.20186
0.77 -0.275 0.221563 0.221563
0.77 -0.225 0.257317 0.257317
0.77 -0.175 0.288799 0.288799
0.77 -0.125 0.349568 0.349568
0.77 -0.075 0.393153 0.393153
0.77 -0.025 0.443265 0.443265
0.77 0.025 0.476376 0.476376
0.77 0.075 0.509108 0.509108
0.77 0.125 0.545656 0.545656
0.77 0.175 0.558538 0.558538
0.77 0.225 0.555695 0.555695
0.77 0.275 0.556505 0.556505
0.77 0.325 0.549951 0.549951
0.77 0.375 0.533818 0.533818
0.77 0.425 0.524002 0.524002
0.77 0.475 0.505258 0.505258
0.77 0.525 0.48482 0.48482
0.77 0.575 0.471829 5.74195
0.77 0.625 0.455055 0.455055
0.77 0.675 0.436946 0.436946
0.77 0.725 0.42061 0.42061
0.77 0.775 0.403643 0.403643
0.77 0.825 0.392482 0.392482
0.77 0.875 0.378918 0.378918
0.77 0.925 0.367732 0.367732
0.77 0.975 0.355613 0.355613

0.79 -0.975 0.0743977 0.0743977
0.79 -0.925 0.077166 0.077166
0.79 -0.875 0.0814259 0.0814259
0.79 -0.825 0.0856663 0.0856663
0.79 -0.775 0.0892387 0.0892387
0.79 -0.725 0.0950987 0.0950987
0.79 -0.675 0.10329 0.10329
0.79 -0.625 0.108596 0.108596
0.79 -0.575 0.115879 0.115879
0.79 -0.525 0.127464 0.127464
0.79 -0.475 0.138039 0.138039
0.79 -0.425 0.149962 0.149962
0.79 -0.375 0.164647 0.164647
0.79 -0.325 0.185558 0.185558
0.79 -0.275 0.204807 0.204807
0.79 -0.225 0.239362 0.239362
0.79 -0.175 0.268004 0.268004
0.79 -0.125 0.32807 0.32807
0.79 -0.075 0.374432 0.374432
0.79 -0.025 0.426821 0.426821
0.79 0.025 0.459444 0.459444
0.79 0.075 0.493328 0.493328
0.79 0.125 0.532605 0.532605
0.79 0.175 0.548865 0.548865
0.79 0.225 0.546674 0.546674
0.79 0.275 0.548019 0.548019
0.79 0.325 0.543989 0.543989
0.79 0.375 0.530946 0.530946
0.79 0.425 0.521241 0.521241
0.79 0.475 0.503857 0.503857
0.79 0.525 0.48296 0.48296
0.79 0.575 0.47082 5.5615
0.79 0.625 0.455061 0.455061
0.79 0.675 0.437225 0.437225
0.79 0.725 0.421758 0.421758
0.79 0.775 0.404741 0.404741
0.79 0.825 0.39421 0.39421
0.79 0.875 0.380715 0.380715
0.79 0.925 0.369968 0.369968
0.79 0.975 0.357192 0.357192

0.81 -0.975 0.0662673 0.0662673
0.81 -0.925 0.0692585 0.0692585
0.81 -0.875 0.0731177 0.0731177
0.81 -0.825 0.0769142 0.0769142
0.81 -0.775 0.0798817 0.0798817
0.81 -0.725 0.0855108 0.0855108
0.81 -0.675 0.0926183 0.0926183
0.81 -0.625 0.097532 0.097532
0.81 -0.575 0.104647 0.104647
0.81 -0.525 0.114696 0.114696
0.81 -0.475 0.125216 0.125216
0.81 -0.425 0.135567 0.135567
0.81 -0.375 0.149586 0.149586
0.81 -0.325 0.169088 0.169088
0.81 -0.275 0.188456 0.188456
0.81 -0.225 0.21964 0.21964
0.81 -0.175 0.248178 0.248178
0.81 -0.125 0.30514 0.30514
0.81 -0.075 0.360674 0.360674
0.81 -0.025 0.410534 0.410534
0.81 0.025 0.442219 0.442219
0.81 0.075 0.475682 0.475682
0.81 0.125 0.521797 0.521797
0.81 0.175 0.536259 0.536259
0.81 0.225 0.537845 0.537845
0.81 0.275 0.540325 0.540325
0.81 0.325 0.536752 0.536752
0.81 0.375 0.525404 0.525404
0.81 0.425 0.516875 0.516875
0.81 0.475 0.500829 0.500829
0.81 0.525 0.481737 0.481737
0.81 0.575 0.469462 5.38682
0.81 0.625 0.454674 0.454674
0.81 0.675 0.43761 0.43761
0.81 0.725 0.422333 0.422333
0.81 0.775 0.40582 0.40582
0.81 0.825 0.395216 0.395216
0.81 0.875 0.382653 0.382653
0.81 0.925 0.371397 0.371397
0.81 0.975 0.358581 0.358581

0.83 -0.975 0.0587194 0.0587194
0.83 -0.925 0.0616639 0.0616639
0.83 -0.875 0.0645756 0.0645756
0.83 -0.825 0.0680065 0.0680065
0.83 -0.775 0.0707936 0.0707936
0.83 -0.725 0.0757142 0.0757142
0.83 -0.675 0.0817334 0.0817334
0.83 -0.625 0.0864989 0.0864989
0.83 -0.575 0.093536 0.093536
0.83 -0.525 0.102778 0.102778
0.83 -0.475 0.11162 0.11162
0.83 -0.425 0.120889 0.120889
0.83 -0.375 0.134685 0.134685
0.83 -0.325 0.152784 0.152784
0.83 -0.275 0.170874 0.170874
0.83 -0.225 0.198086 0.198086
0.83 -0.175 0.229061 0.229061
0.83 -0.125 0.280992 0.280992
0.83 -0.075 0.342395 0.342395
0.83 -0.025 0.399054 0.399054
0.83 0.025 0.434132 0.434132
0.83 0.075 0.465435 0.465435
0.83 0.125 0.507312 0.507312
0.83 0.175 0.521252 0.521252
0.83 0.225 0.527536 0.527536
0.83 0.275 0.532442 0.532442
0.83 0.325 0.530296 0.530296
0.83 0.375 0.521029 0.521029
0.83 0.425 0.51293 0.51293
0.83 0.475 0.497497 0.497497
0.83 0.525 0.479154 0.479154
0.83 0.575 0.468398 5.21833
0.83 0.625 0.453313 0.453313
0.83 0.675 0.436996 0.436996
0.83 0.725 0.421979 0.421979
0.83 0.775 0.40672 0.40672
0.83 0.825 0.396317 0.396317
0.83 0.875 0.38332 0.38332
0.83 0.925 0.373042 0.373042
0.83 0.975 0.36009 0.36009

0.85 -0.975 0.0514805 0.0514805
0.85 -0.925 0.0539111 0.0539111
0.85 -0.875 0.0561979 0.0561979
0.85 -0.825 0.0594312 0.0594312
0.85 -0.775 0.061855 0.061855
0.85 -0.725 0.0665818 0.0665818
0.85 -0.675 0.0716359 0.0716359
0.85 -0.625 0.0756482 0.0756482
0.85 -0.575 0.0819831 0.0819831
0.85 -0.525 0.0903142 0.0903142
0.85 -0.475 0.0980499 0.0980499
0.85 -0.425 0.107431 0.107431
0.85 -0.375 0.118795 0.118795
0.85 -0.325 0.135016 0.135016
0.85 -0.275 0.152297 0.152297
0.85 -0.225 0.177583 0.177583
0.85 -0.175 0.208046 0.208046
0.85 -0.125 0.257008 0.257008
0.85 -0.075 0.317206 0.317206
0.85 -0.025 0.38466 0.38466
0.85 0.025 0.426328 0.426328
0.85 0.075 0.452484 0.452484
0.85 0.125 0.491251 0.491251
0.85 0.175 0.510177 0.510177
0.85 0.225 0.520055 0.520055
0.85 0.275 0.523443 0.523443
0.85 0.325 0.52271 0.52271
0.85 0.375 0.515075 0.515075
0.85 0.425 0.508894 0.508894
0.85 0.475 0.493622 0.493622
0.85 0.525 0.477242 0.477242
0.85 0.575 0.466716 5.05492
0.85 0.625 0.451711 0.451711
0.85 0.675 0.436009 0.436009
0.85 0.725 0.422107 0.422107
0.85 0.775 0.407532 0.407532
0.85 0.825 0.396711 0.396711
0.85 0.875 0.383895 0.383895
0.85 0.925 0.374077 0.374077
0.85 0.975 0.361276 0.361276

0.87 -0.975 0.044149 0.044149
0.87 -0.925 0.0463662 0.0463662
0.87 -0.875 0.0481085 0.0481085
0.87 -0.825 0.0511916 0.0511916
0.87 -0.775 0.0533355 0.0533355
0.87 -0.725 0.0572001 0.0572001
0.87 -0.675 0.0614983 0.0614983
0.87 -0.625 0.0654497 0.0654497
0.87 -0.575 0.0706616 0.0706616
0.87 -0.525 0.0780566 0.0780566
0.87 -0.475 0.0852589 0.0852589
0.87 -0.425 0.0928472 0.0928472
0.87 -0.375 0.102376 0.102376
0.87 -0.325 0.117081 0.117081
0.87 -0.275 0.133495 0.133495
0.87 -0.225 0.157337 0.157337
0.87 -0.175 0.185285 0.185285
0.87 -0.125 0.231641 0.231641
0.87 -0.075 0.294783 0.294783
0.87 -0.025 0.365305 0.365305
0.87 0.025 0.415244 0.415244
0.87 0.075 0.440581 0.440581
0.87 0.125 0.474652 0.474652
0.87 0.175 0.498265 0.498265
0.87 0.225 0.509962 0.509962
0.87 0.275 0.515569 0.515569
0.87 0.325 0.51773 0.51773
0.87 0.375 0.508028 0.508028
0.87 0.425 0.505295 0.505295
0.87 0.475 0.489282 0.489282
0.87 0.525 0.47466 0.47466
0.87 0.575 0.464486 4.89647
0.87 0.625 0.449798 0.449798
0.87 0.675 0.434939 0.434939
0.87 0.725 0.421384 0.421384
0.87 0.775 0.407943 0.407943
0.87 0.825 0.397143 0.397143
0.87 0.875 0.384558 0.384558
0.87 0.925 0.374475 0.374475
0.87 0.975 0.362122 0.362122

0.89 -0.975 0.0368343 0.0368343
0.89 -0.925 0.0387058 0.0387058
0.89 -0.875 0.0402968 0.0402968
0.89 -0.825 0.0427972 0.0427972
0.89 -0.775 0.0450233 0.0450233
0.89 -0.725 0.0480491 0.0480491
0.89 -0.675 0.0516013 0.0516013
0.89 -0.625 0.0551089 0.0551089
0.89 -0.575 0.0598931 0.0598931
0.89 -0.525 0.0659566 0.0659566
0.89 -0.475 0.0723112 0.0723112
0.89 -0.425 0.0785004 0.0785004
0.89 -0.375 0.086723 0.086723
0.89 -0.325 0.100065 0.100065
0.89 -0.275 0.114545 0.114545
0.89 -0.225 0.135097 0.135097
0.89 -0.175 0.161675 0.161675
0.89 -0.125 0.20333 0.20333
0.89 -0.075 0.271303 0.271303
0.89 -0.025 0.363632 0.363632
0.89 0.025 0.388991 0.388991
0.89 0.075 0.423068 0.423068
0.89 0.125 0.460983 0.460983
0.89 0.175 0.488825 0.488825
0.89 0.225 0.499882 0.499882
0.89 0.275 0.507899 0.507899
0.89 0.325 0.511925 0.511925
0.89 0.375 0.502475 0.502475
0.89 0.425 0.500023 0.500023
0.89 0.475 0.485111 0.485111
0.89 0.525 0.471904 0.471904
0.89 0.575 0.462502 4.74359
0.89 0.625 0.448964 0.448964
0.89 0.675 0.433391 0.433391
0.89 0.725 0.420182 0.420182
0.89 0.775 0.407084 0.407084
0.89 0.825 0.396752 0.396752
0.89 0.875 0.384427 0.384427
0.89 0.925 0.374436 0.374436
0.89 0.975 0.362375 0.362375

0.91 -0.975 0.0298152 0.0298152
0.91 -0.925 0.0310063 0.0310063
0.91 -0.875 0.0323795 0.0323795
0.91 -0.825 0.0347105 0.0347105
0.91 -0.775 0.036384 0.036384
0.91 -0.725 0.0393467 0.0393467
0.91 -0.675 0.0416458 0.0416458
0.91 -0.625 0.0445738 0.0445738
0.91 -0.575 0.0490446 0.0490446
0.91 -0.525 0.0536617 0.0536617
0.91 -0.475 0.0586757 0.0586757
0.91 -0.425 0.0645696 0.0645696
0.91 -0.375 0.0714961 0.0714961
0.91 -0.325 0.0837342 0.0837342
0.91 -0.275 0.0941693 0.0941693
0.91 -0.225 0.111987 0.111987
0.91 -0.175 0.135703 0.135703
0.91 -0.125 0.172136 0.172136
0.91 -0.075 0.238696 0.238696
0.91 -0.025 0.34257 0.34257
0.91 0.025 0.38987 0.38987
0.91 0.075 0.408672 0.408672
0.91 0.125 0.449087 0.449087
0.91 0.175 0.477691 0.477691
0.91 0.225 0.488454 0.488454
0.91 0.275 0.498975 0.498975
0.91 0.325 0.503501 0.503501
0.91 0.375 0.49567 0.49567
0.91 0.425 0.493177 0.493177
0.91 0.475 0.480521 0.480521
0.91 0.525 0.468976 0.468976
0.91 0.575 0.459789 4.59511
0.91 0.625 0.447183 0.447183
0.91 0.675 0.431929 0.431929
0.91 0.725 0.419169 0.419169
0.91 0.775 0.406565 0.406565
0.91 0.825 0.395838 0.395838
0.91 0.875 0.384167 0.384167
0.91 0.925 0.374241 0.374241
0.91 0.975 0.362262 0.362262

0.93 -0.975 0.0227496 0.0227496
0.93 -0.925 0.0236885 0.0236885
0.93 -0.875 0.0246701 0.0246701
0.93 -0.825 0.0266876 0.0266876
0.93 -0.775 0.0277143 0.0277143
0.93 -0.725 0.0303663 0.0303663
0.93 -0.675 0.0318846 0.0318846
0.93 -0.625 0.0344695 0.0344695
0.93 -0.575 0.0373286 0.0373286
0.93 -0.525 0.0417367 0.0417367
0.93 -0.475 0.0453056 0.0453056
0.93 -0.425 0.0512251 0.0512251
0.93 -0.375 0.055476 0.055476
0.93 -0.325 0.0665159 0.0665159
0.93 -0.275 0.0730249 0.0730249
0.93 -0.225 0.0874716 0.0874716
0.93 -0.175 0.108778 0.108778
0.93 -0.125 0.13977 0.13977
0.93 -0.075 0.205005 0.205005
0.93 -0.025 0.313809 0.313809
0.93 0.025 0.380973 0.380973
0.93 0.075 0.396781 0.396781
0.93 0.125 0.435997 0.435997
0.93 0.175 0.465255 0.465255
0.93 0.225 0.477214 0.477214
0.93 0.275 0.489239 0.489239
0.93 0.325 0.495137 0.495137
0.93 0.375 0.48844 0.48844
0.93 0.425 0.48608 0.48608
0.93 0.475 0.475791 0.475791
0.93 0.525 0.465261 0.465261
0.93 0.575 0.456356 4.45088
0.93 0.625 0.444562 0.444562
0.93 0.675 0.429616 0.429616
0.93 0.725 0.418091 0.418091
0.93 0.775 0.404898 0.404898
0.93 0.825 0.394782 0.394782
0.93 0.875 0.383388 0.383388
0.93 0.925 0.374041 0.374041
0.93 0.975 0.362279 0.362279

0.95 -0.975 0.0158992 0.0158992
0.95 -0.925 0.0166665 0.0166665
0.95 -0.875 0.0172879 0.0172879
0.95 -0.825 0.0186903 0.0186903
0.95 -0.775 0.0194399 0.0194399
0.95 -0.725 0.0211284 0.0211284
0.95 -0.675 0.0225702 0.0225702
0.95 -0.625 0.0244995 0.0244995
0.95 -0.575 0.0264528 0.0264528
0.95 -0.525 0.0299061 0.0299061
0.95 -0.475 0.0317611 0.0317611
0.95 -0.425 0.0362549 0.0362549
0.95 -0.375 0.0394091 0.0394091
0.95 -0.325 0.0481817 0.0481817
0.95 -0.275 0.0528811 0.0528811
0.95 -0.225 0.063718 0.063718
0.95 -0.175 0.0792882 0.0792882
0.95 -0.125 0.104674 0.104674
0.95 -0.075 0.157659 0.157659
0.95 -0.025 0.292862 0.292862
0.95 0.025 0.351404 0.351404
0.95 0.075 0.387032 0.387032
0.95 0.125 0.421643 0.421643
0.95 0.175 0.451302 0.451302
0.95 0.225 0.467076 0.467076
0.95 0.275 0.47864 0.47864
0.95 0.325 0.485446 0.485446
0.95 0.375 0.480168 0.480168
0.95 0.425 0.47902 0.47902
0.95 0.475 0.470285 0.470285
0.95 0.525 0.461264 0.461264
0.95 0.575 0.451901 4.31042
0.95 0.625 0.441341 0.441341
0.95 0.675 0.42735 0.42735
0.95 0.725 0.416294 0.416294
0.95 0.775 0.40361 0.40361
0.95 0.825 0.39362 0.39362
0.95 0.875 0.38253 0.38253
0.95 0.925 0.373507 0.373507
0.95 0.975 0.362001 0.362001

0.97 -0.975 0.00896359 0.00896359
0.97 -0.925 0.00994239 0.00994239
0.97 -0.875 0.0101596 0.0101596
0.97 -0.825 0.0111323 0.0111323
0.97 -0.775 0.0115673 0.0115673
0.97 -0.725 0.0127296 0.0127296
0.97 -0.675 0.0136966 0.0136966
0.97 -0.625 0.0146727 0.0146727
0.97 -0.575 0.0153928 0.0153928
0.97 -0.525 0.0175461 0.0175461
0.97 -0.475 0.0184382 0.0184382
0.97 -0.425 0.0216641 0.0216641
0.97 -0.375 0.0231578 0.0231578
0.97 -0.325 0.0288578 0.0288578
0.97 -0.275 0.0319535 0.0319535
0.97 -0.225 0.0393926 0.0393926
0.97 -0.175 0.0494145 0.0494145
0.97 -0.125 0.0649244 0.0649244
0.97 -0.075 0.105198 0.105198
0.97 -0.025 0.228399 0.228399
0.97 0.025 0.344047 0.344047
0.97 0.075 0.371531 0.371531
0.97 0.125 0.409032 0.409032
0.97 0.175 0.438173 0.438173
0.97 0.225 0.454775 0.454775
0.97 0.275 0.467232 0.467232
0.97 0.325 0.476456 0.476456
0.97 0.375 0.471832 0.471832
0.97 0.425 0.472622 0.472622
0.97 0.475 0.464119 0.464119
0.97 0.525 0.456615 0.456615
0.97 0.575 0.447558 4.1747
0.97 0.625 0.437953 0.437953
0.97 0.675 0.425057 0.425057
0.97 0.725 0.413398 0.413398
0.97 0.775 0.402219 0.402219
0.97 0.825 0.391946 0.391946
0.97 0.875 0.381234 0.381234
0.97 0.925 0.372695 0.372695
0.97 0.975 0.361266 0.361266

0.99 -0.975 0.0028992 0.0028992
0.99 -0.925 0.00339966 0.00339966
0.99 -0.875 0.0032715 0.0032715
0.99 -0.825 0.0037581 0.0037581
0.99 -0.775 0.00379383 0.00379383
0.99 -0.725 0.00409412 0.00409412
0.99 -0.675 0.00462461 0.00462461
0.99 -0.625 0.00475758 0.00475758
0.99 -0.575 0.00500312 0.00500312
0.99 -0.525 0.00570428 0.00570428
0.99 -0.475 0.00630195 0.00630195
0.99 -0.425 0.00724972 0.00724972
0.99 -0.375 0.00752096 0.00752096
0.99 -0.325 0.00968531 0.00968531
0.99 -0.275 0.0102776 0.0102776
0.99 -0.225 0.0133374 0.0133374
0.99 -0.175 0.0168138 0.0168138
0.99 -0.125 0.0223331 0.0223331
0.99 -0.075 0.0400015 0.0400015
0.99 -0.025 0.114077 0.114077
0.99 0.025 0.319272 0.319272
0.99 0.075 0.358242 0.358242
0.99 0.125 0.396741 0.396741
0.99 0.175 0.424992 0.424992
0.99 0.225 0.443472 0.443472
0.99 0.275 0.455524 0.455524
0.99 0.325 0.467243 0.467243
0.99 0.375 0.463912 0.463912
0.99 0.425 0.465265 0.465265
0.99 0.475 0.457549 0.457549
0.99 0.525 0.451258 0.451258
0.99 0.575 0.443438 4.04368
0.99 0.625 0.433747 0.433747
0.99 0.675 0.421512 0.421512
0.99 0.725 0.410445 0.410445
0.99 0.775 0.400118 0.400118
0.99 0.825 0.389898 0.389898
0.99 0.875 0.379447 0.379447
0.99 0.925 0.37144 0.37144
0.99 0.975 0.360287 0.360287

