# z   J0(z)   error   J0_direct(z)   a*J0 = I(z,0+-)   exp(-kappa z/mu_s)
0.01 0.817241 0.000572521 0.491414 0.817241 0.982829
0.03 0.825652 0.000425749 0.474683 0.825652 0.949365
0.05 0.82749 0.000737598 0.458521 0.82749 0.917042
0.07 0.8268 0.00070412 0.442909 0.8268 0.885818
0.09 0.823399 0.000578357 0.427829 0.823399 0.855658
0.11 0.819151 0.000692117 0.413262 0.819151 0.826525
0.13 0.813417 0.000800341 0.399192 0.813417 0.798383
0.15 0.806759 0.000757463 0.3856 0.806759 0.7712
0.17 0.79982 0.000758583 0.372471 0.79982 0.744942
0.19 0.791533 0.000721068 0.359789 0.791533 0.719579
0.21 0.782118 0.000623481 0.347539 0.782118 0.695078
0.23 0.772693 0.000759437 0.335706 0.772693 0.671412
0.25 0.764444 0.00102891 0.324276 0.764444 0.648552
0.27 0.755102 0.000891835 0.313235 0.755102 0.62647
0.29 0.744853 0.000963527 0.30257 0.744853 0.60514
0.31 0.73402 0.000750921 0.292268 0.73402 0.584537
0.33 0.724349 0.000982818 0.282317 0.724349 0.564634
0.35 0.712765 0.000836548 0.272705 0.712765 0.54541
0.37 0.701735 0.000803335 0.26342 0.701735 0.52684
0.39 0.690476 0.000900813 0.254451 0.690476 0.508902
0.41 0.678583 0.000811397 0.245787 0.678583 0.491575
0.43 0.666825 0.000692496 0.237419 0.666825 0.474838
0.45 0.656322 0.000769385 0.229335 0.656322 0.458671
0.47 0.644972 0.000646918 0.221527 0.644972 0.443054
0.49 0.632446 0.000808088 0.213984 0.632446 0.427969
0.51 0.620744 0.000963364 0.206699 0.620744 0.413397
0.53 0.60921 0.000845085 0.199661 0.60921 0.399322
0.55 0.597801 0.000780867 0.192863 0.597801 0.385726
0.57 0.585599 0.000721331 0.186296 0.585599 0.372593
0.59 0.573645 0.000709815 0.179953 0.573645 0.359907
0.61 0.561585 0.000693486 0.173826 0.561585 0.347653
0.63 0.549279 0.000629375 0.167908 0.549279 0.335816
0.65 0.53696 0.000733573 0.162191 0.53696 0.324382
0.67 0.525243 0.000766748 0.156669 0.525243 0.313338
0.69 0.513195 0.000737122 0.151335 0.513195 0.302669
0.71 0.499647 0.000708493 0.146182 0.499647 0.292364
0.73 0.487107 0.000732095 0.141205 0.487107 0.28241
0.75 0.47489 0.000739985 0.136397 0.47489 0.272794
0.77 0.461474 0.000729561 0.131753 0.461474 0.263506
0.79 0.448306 0.00068504 0.127267 0.448306 0.254534
0.81 0.435084 0.000622576 0.122934 0.435084 0.245868
0.83 0.42209 0.000482791 0.118748 0.42209 0.237497
0.85 0.408866 0.000531175 0.114705 0.408866 0.22941
0.87 0.395488 0.000551119 0.1108 0.395488 0.221599
0.89 0.382093 0.000494854 0.107027 0.382093 0.214054
0.91 0.368434 0.00043063 0.103383 0.368434 0.206766
0.93 0.35416 0.000427866 0.0998632 0.35416 0.199726
0.95 0.33908 0.000302385 0.096463 0.33908 0.192926
0.97 0.323103 0.000407999 0.0931787 0.323103 0.186357
0.99 0.305074 0.000342196 0.0900061 0.305074 0.180012
