250	0.05
225	0.05
200	0.05
175	0.05
150	0.05
125 0.05
100	0.05
90	0.05
80	0.1
70	0.2
60	0.3
55	0.35
50  0.4
49.5 0.45
49  0.5
48.5	0.5
48  0.5
47.5	0.5
47  0.5
46.5	0.5
46  0.5
45.5	0.5
45  0.5
44.5	0.4
44  0.5
43.5	0.5
43  0.5
42.5	0.5
42  0.5
41.5	0.5
41  0.5
40.5	0.5
40  0.5
39.5	0.5
39  0.5
38.5	0.5
38  0.5
37.5	0.5
37	0.5
36.5	0.5
36  0.5
35.5	0.5
35  0.5
34.5	0.5
34  0.5
33.5	0.5
33  0.5
32.5	0.5
32  0.5
31.5	0.5
31  0.5
30.5	0.5
30  0.5
29.5	0.5
29  0.5
28.5	0.5
28  0.5
27.5	0.5
27  0.5
26.5	0.5
25.9875  1.12495
25.9374  1.12495
25.8873  0.46655
25.8371  0.180622
25.7872  0.115828
25.7369  0.0889303
25.6869  0.0794368
25.6369  0.0839265
25.5868  0.0808887
25.5367  0.0984307
25.4866  0.129825
25.4364  0.253107
25.3863  2.05058
25.3361  1.18245
25.2862  0.583072
25.236  1.12495
25.186  1.12495
25.1357  1.12495
25.0857  1.12495
25.0357  1.52668
24.9854  1.12495
24.9354  0.34572
24.8853  0.131823
24.8353  0.0854025
24.7852  0.0652075
24.7349  0.0551403
24.6849  0.0641625
24.6348  0.0556575
24.5847  0.0403667
24.5347  0.0399043
24.4846  0.03643
24.4343  0.0373723
24.3843  0.0373508
24.3343  0.039214
24.284  0.0428145
24.234  0.0483825
24.184  0.058459
24.1338  0.0793575
24.0836  0.128732
24.0336  0.172917
23.9835  0.431047
23.9334  1.12495
23.8833  1.12495
23.8332  1.12495
23.7831  1.58194
23.7331  0.344577
23.6828  0.274203
23.6328  1.12495
23.5827  0.151469
23.5325  0.310065
23.4824  0.228866
23.4324  0.129386
23.3823  0.0504045
23.3321  0.0508555
23.2822  0.0500775
23.232  0.130244
23.182  1.11805
23.1317  0.065727
23.0817  0.0380663
23.0316  0.048805
22.9815  0.12047
22.9314  0.224308
22.8814  0.0881808
22.8312  0.0475862
22.7811  0.039119
22.7311  0.0572688
22.6809  0.164968
22.6307  1.12495
22.5807  0.319462
22.5306  1.29656
22.4805  0.0617
22.4304  0.0601312
22.3804  1.08461
22.3302  0.0457733
22.2802  0.033946
22.23  0.0431337
22.1798  0.037551
22.1298  0.13423
22.0798  1.12495
22.0297  0.118359
21.9795  0.240058
21.9293  0.194651
21.8793  1.56661
21.8291  1.12495
21.7791  0.22344
21.7291  0.0834682
21.679  0.321173
21.6288  0.0414877
21.5787  0.0630002
21.5285  0.0246906
21.4784  0.0272007
21.4284  0.0861357
21.3783  0.375055
21.3282  0.267892
21.2781  0.0569345
21.228  0.133513
21.1779  1.12495
21.1278  0.560362
21.0776  0.0806603
21.0275  0.0396968
20.9776  0.0535337
20.9274  0.0211004
20.8773  0.0200006
20.8273  0.0255767
20.7771  0.0448228
20.727  0.055369
20.677  0.807078
20.6268  0.16106
20.5767  0.169446
20.5266  0.0251205
20.4766  0.0177296
20.4264  0.273143
20.3763  0.0319087
20.3262  1.12495
20.2762  0.0362488
20.226  0.0228009
20.1759  0.0133629
20.1259  0.012836
20.0758  0.0163859
20.0256  0.0195983
19.9755  0.18535
19.9253  0.463377
19.8753  0.099887
19.8251  0.86951
19.7751  0.0644248
19.725  1.12495
19.6748  0.0545143
19.6248  0.0248394
19.5747  0.0546273
19.5246  0.0302782
19.4744  0.0171428
19.4244  0.0425712
19.3743  0.122803
19.3242  0.406062
19.2741  0.096919
19.224  0.147347
19.1739  0.0233704
19.1237  0.0202467
19.0737  0.0341147
19.0236  0.668728
18.9735  0.0643413
18.9234  0.0194974
18.8733  0.0129123
18.8232  0.0110794
18.7731  0.0142593
18.723  0.0181859
18.6729  0.0514283
18.6228  0.0630543
18.5727  0.0124486
18.5226  0.0135074
18.4725  0.0661595
18.4224  0.0144896
18.3723  0.0560508
18.3222  0.134915
18.2721  0.04585
18.222  0.0243136
18.1719  0.0850517
18.1219  0.0139448
18.0717  0.0152649
18.0216  0.12655
17.9715  0.0154917
17.9214  0.019132
17.8713  0.0132421
17.8212  0.0176102
17.7711  0.0363248
17.721  0.025265
17.6709  0.026708
17.6208  0.237351
17.5707  1.28954
17.5206  0.0315122
17.4705  0.0193091
17.4204  0.0199405
17.3703  0.115639
17.3202  0.0288457
17.2701  0.0306508
17.22  1.68295
17.1699  0.0891055
17.1198  0.76146
17.0697  0.079661
17.0196  0.040765
16.9695  0.374165
16.9194  0.173681
16.8693  0.0731747
16.8192  0.09336
16.7691  0.227676
16.719  0.133838
16.6689  0.61114
16.6188  0.31657
16.5687  0.111322
16.5186  0.077741
16.4685  0.273005
16.4184  0.158258
16.3683  1.12495
16.3182  0.296332
16.2681  0.156112
16.218  1.30919
16.1679  0.640332
16.1178  0.218125
16.0677  1.12498
16.0176  1.12498
15.9676  0.339707
15.9175  0.576932
15.8674  0.700248
15.8173  1.707
15.7672  0.96455
15.7171  1.42383
15.667  1.12495
15.6169  1.97003
15.5668  1.12495
15.5167  1.12495
15.4666  1.12495
15.4165  1.12495
15.3664  1.12495
15.3163  1.12495
15.2662  1.12495
15.2161  1.12495
15.166  1.12495
15.1159  1.12495
15.0658  1.12495
15.0157  1.12495
14.9656  1.12495
14.9155  1.12495
14.8654  1.12495
14.8153  1.12495
14.7652  1.12495
14.7151  1.12495
14.665  1.12495
14.6149  1.12495
14.5648  1.12495
14.5147  1.12495
14.4646  1.12495
14.4145  1.12495
14.3644  1.12498
14.3143  1.12495
14.2642  1.12498
14.2141  1.12495
14.164  0.53205
14.1139  0.394047
14.0638  0.282432
14.0137  0.713955
13.9636  0.148485
13.9135  0.727657
13.8634  0.803805
13.8133  1.12498
13.7632  0.10497
13.7131  0.334355
13.663  0.282465
13.6129  0.865428
13.5628  0.103665
13.5127  0.071744
13.4626  0.0643757
13.4125  0.110195
13.3624  1.96973
13.3123  0.0778957
13.2622  0.0372873
13.2121  0.0198842
13.162  0.015138
13.1119  0.011616
13.0618  0.01058
13.0117  0.0106948
12.9616  0.0100943
12.9115  0.0263968
12.8614  0.0105703
12.8113  0.0124589
12.7612  0.0314033
12.7111  0.0117003
12.661  0.00767795
12.6109  0.00985157
12.5608  0.020045
12.5107  0.00709215
12.4606  0.00594
12.4105  0.0052413
12.3604  0.00518413
12.3103  0.00510323
12.2602  0.0077976
12.2101  0.0042217
12.16  0.004057
12.1099  0.0046594
12.0598  0.00377055
12.0097  0.003561
11.9596  0.0035752
11.9095  0.00460873
11.8594  0.00319408
11.8093  0.00307053
11.7592  0.0031285
11.7091  0.0032242
11.659  0.00276953
11.6089  0.0026798
11.5588  0.0030427
11.5087  0.0025146
11.4586  0.00246511
11.4085  0.00236238
11.3584  0.0023538
11.3083  0.0023808
11.2582  0.00230535
11.2081  0.0021008
11.158  0.00204055
11.1079  0.00202745
11.0578  0.00192464
11.0077  0.00231594
10.9576  0.00182011
10.9075  0.00177403
10.8574  0.00180475
10.8073  0.00222058
10.7572  0.00166176
10.7071  0.00180273
10.657  0.00174004
10.6069  0.00172343
10.5568  0.00172292
10.5067  0.00161521
10.4566  0.00250753
10.4065  0.00164868
10.3564  0.00154602
10.3063  0.00306217
10.2562  0.0018599
10.2061  0.00667868
10.156  0.00362895
10.1059  0.00516345
10.0558  0.120637
10.0057  0.070954
9.9556  0.0222944
9.9055  0.232812
9.85539  0.0420862
9.8053  0.0681935
9.75521  0.279048
9.70509  0.0568452
9.65499  0.170852
9.60489  0.266607
9.55481  0.100307
9.50471  0.149062
9.4546  0.599955
9.40451  0.0167728
9.35439  0.080628
9.30429  0.0289872
9.2542  0.0170933
9.20409  0.0131783
9.15399  0.0086947
9.1039  0.00159432
9.05379  0.0162787
9.00371  0.0185742
8.95359  0.00234825
8.9035  0.00235455
8.8534  0.00242169
8.80331  0.03263
8.75319  0.00510705
8.70309  0.00360182
8.65299  0.0251462
8.60289  0.00639715
8.55281  0.00816385
8.5027  0.00951635
8.45261  0.00741205
8.40249  0.003007
8.3524  0.00363352
8.30229  0.00152615
8.25221  0.0220182
8.2021  0.00620078
8.152  0.0052066
8.10189  0.00409485
8.05181  0.21382
8.00171  0.057593
7.95159  0.0170133
7.90149  0.264333
7.85141  0.23297
7.80131  0.0634658
7.7512  0.0552235
7.70109  0.205363
7.65111  0.180798
7.601  0.0594945
7.55089  0.0421098
7.50081  0.051872
7.4507  0.142092
7.4007  0.0819658
7.3506  0.232199
7.3005  0.18057
7.2504  0.126502
7.20031  0.253993
7.15019  1.38997
7.1001  0.155281
7.0501  0.935442
7.00001  0.983577
6.200	1.0
5.57172  1.09953
5.5217  1.12871
5.47168  0.335255
5.42166  1.12495
5.37164  0.2116
5.32162  0.0382915
5.2716  0.0437343
5.22158  0.054374
5.17156  0.138361
5.12154  0.0135066
5.07154  0.0129065
5.02152  0.25353
4.9715  0.0112284
4.92148  0.0137009
4.87146  0.018617
4.82144  0.05743
4.77142  0.0235433
4.7214  0.31875
4.67138  0.0247659
4.62136  0.0392055
4.57134  0.235307
4.52132  0.169134
4.4713  0.292602
4.42128  1.20898
4.37126  1.12495
4.32124  1.12495
4.27124  1.12495
4.22122  1.12495
4.1712  0.483312
4.12118  0.155596
4.07116  0.0783878
4.02114  0.0486175
3.97112  0.0302217
3.9211  0.027027
3.87108  0.0231947
3.82106  0.0120078
3.77104  0.0471205
3.72102  0.00764625
3.67102  0.00804635
3.621  0.00698312
3.57098  0.00835015
3.52096  0.0097034
3.47094  0.00460057
3.42092  0.00375253
3.37092  0.0117401
3.3209  0.151774
3.27088  0.161316
3.22086  0.191947
3.17084  0.0021994
3.12082  0.00365103
3.0708  0.0211938
3.0208  0.0778237
2.97077  0.133746
2.92076  0.015967
2.87073  0.0710025
2.82072  1.12746
2.7707  1.12746
2.72067  1.12746
2.67068  1.12746
2.62066  1.12746
2.57065  0.85117
2.52063  0.0360222
2.4706  0.00616053
2.42058  0.0024891
2.37059  0.178351
2.32056  0.00260375
2.27054  0.00444428
2.22053  0.001
2.1705  0.001
2.12049  0.001
2.07046  0.0227968
2.02046  0.206253
1.97044  0.00577418
1.92042  0.40315
1.87041  0.34597
1.82038  2.26419
1.77036  0.00395435
1.72034  0.001
1.67032  0.001
1.62030  0.001
1.57028  0.03111
1.52026  0.001
1.47024  0.007177
1.4		 0.001
1.35	0.001
1.30000	 0.001
1.25	0.001
1.2		0.001
1.15	0.001
1.10000	 0.001
1.05	0.001
1.0		0.001
0.95	0.001
0.90000	 0.001
0.85	0.001
0.8		0.001
0.75	0.001
0.7	0.001
0.65	0.001
0.6	0.001
0.55	0.001
0.5	0.001
0.45	0.001
0.4	0.001
0.35	0.001
0.30000	 0.001
0.25	0.001
0.20000	 0.001
0.15	0.001
0.1		0.001
0.05	0.001
0.025	0.001
