# z   T[Celsius]   int J0 dnu   int K0 dnu
0.00711978 9.16246 7.75948e-05 -1.40111e-07
0.0214674 9.53478 7.80052e-05 -1.44503e-07
0.0359629 9.67552 7.81608e-05 -1.49993e-07
0.0506108 9.80938 7.8309e-05 -1.58041e-07
0.0654161 9.93071 7.84435e-05 -1.57404e-07
0.080384 9.92963 7.84423e-05 -1.55839e-07
0.09552 9.88581 7.83937e-05 -1.5911e-07
0.11083 9.83454 7.83369e-05 -1.60631e-07
0.12632 9.79932 7.82978e-05 -1.62721e-07
0.141996 9.68211 7.81681e-05 -1.65236e-07
0.157865 9.58289 7.80584e-05 -1.62425e-07
0.173936 9.5025 7.79696e-05 -1.62946e-07
0.190215 9.35414 7.78059e-05 -1.63083e-07
0.20671 9.22625 7.7665e-05 -1.67137e-07
0.223432 9.05832 7.74802e-05 -1.70175e-07
0.240389 8.86058 7.72632e-05 -1.6581e-07
0.257591 8.69171 7.70781e-05 -1.72291e-07
0.27505 8.52403 7.68947e-05 -1.70183e-07
0.292777 8.30803 7.6659e-05 -1.72444e-07
0.310785 8.17587 7.6515e-05 -1.74686e-07
0.329088 7.89424 7.62088e-05 -1.71807e-07
0.347701 7.60844 7.58991e-05 -1.72433e-07
0.366641 7.34865 7.56183e-05 -1.7536e-07
0.385924 7.09928 7.53496e-05 -1.73939e-07
0.405571 6.81741 7.50467e-05 -1.75381e-07
0.425602 6.36537 7.45628e-05 -1.78611e-07
0.446042 5.8511 7.40151e-05 -1.87204e-07
0.466916 5.27636 7.34067e-05 -1.90462e-07
0.488253 4.63776 7.2735e-05 -1.96405e-07
0.510086 4.10509 7.21783e-05 -2.02377e-07
0.532451 3.46665 7.15153e-05 -2.02919e-07
0.555388 2.79258 7.08203e-05 -2.02605e-07
0.578945 2.13168 7.01437e-05 -1.92458e-07
0.603173 1.39628 6.93966e-05 -1.82972e-07
0.628134 0.707272 6.87021e-05 -1.77961e-07
0.653899 -0.0905357 6.79044e-05 -1.71135e-07
0.680552 -0.966139 6.7037e-05 -1.65133e-07
0.708189 -1.7131 6.63036e-05 -1.57338e-07
0.73693 -2.30751 6.57243e-05 -1.50698e-07
0.766919 -2.84073 6.52078e-05 -1.52112e-07
0.798332 -3.40439 6.46652e-05 -1.46232e-07
0.831396 -4.07609 6.41094e-05 -1.42408e-07
0.866402 -4.70939 6.35104e-05 -1.3949e-07
0.903736 -5.33459 6.29233e-05 -1.37725e-07
0.943939 -5.97103 6.23294e-05 -1.35416e-07
0.987793 -6.73524 6.1622e-05 -1.33349e-07
1.03652 -7.52823 6.08949e-05 -1.2833e-07
1.09224 -8.45577 6.00519e-05 -1.25264e-07
1.15925 -9.49212 5.91207e-05 -1.22061e-07
