# mu   I   Q   -Q/I   (mu>0: leaving at z=Z; mu<0: arriving on the ground)
-0.975 5.4981e-07 -8.1014e-10 0.00147349
-0.925 5.70303e-07 -2.46451e-09 0.00432141
-0.875 5.92516e-07 -4.16858e-09 0.00703539
-0.825 6.16649e-07 -5.92803e-09 0.00961329
-0.775 6.42924e-07 -7.74927e-09 0.0120532
-0.725 6.71594e-07 -9.63956e-09 0.0143532
-0.675 7.02941e-07 -1.1607e-08 0.016512
-0.625 7.37272e-07 -1.36604e-08 0.0185282
-0.575 7.74915e-07 -1.58091e-08 0.0204011
-0.525 8.16191e-07 -1.80627e-08 0.0221305
-0.475 8.61371e-07 -2.04291e-08 0.0237169
-0.425 9.10581e-07 -2.29127e-08 0.0251627
-0.375 9.63598e-07 -2.55089e-08 0.0264726
-0.325 1.01946e-06 -2.8194e-08 0.0276559
-0.275 1.07562e-06 -3.0905e-08 0.0287322
-0.225 1.12634e-06 -3.35008e-08 0.029743
-0.175 1.15947e-06 -3.56965e-08 0.030787
-0.125 1.15234e-06 -3.70198e-08 0.0321257
-0.075 1.08165e-06 -3.73048e-08 0.0344889
-0.025 1.02136e-06 -3.99003e-08 0.0390658
0.025 1.24851e-06 -4.87837e-08 0.0390735
0.075 1.2951e-06 -4.45014e-08 0.0343613
0.125 1.3387e-06 -4.28801e-08 0.032031
0.175 1.30786e-06 -4.02002e-08 0.0307373
0.225 1.24325e-06 -3.6944e-08 0.0297158
0.275 1.1688e-06 -3.35633e-08 0.028716
0.325 1.09497e-06 -3.02712e-08 0.0276457
0.375 1.02582e-06 -2.71492e-08 0.0264658
0.425 9.62644e-07 -2.42182e-08 0.025158
0.475 9.05529e-07 -2.14733e-08 0.0237136
0.525 8.54096e-07 -1.88994e-08 0.022128
0.575 8.078e-07 -1.64786e-08 0.0203993
0.625 7.66071e-07 -1.41929e-08 0.0185269
0.675 7.28371e-07 -1.20261e-08 0.016511
0.725 6.94217e-07 -9.96375e-09 0.0143525
0.775 6.63184e-07 -7.99311e-09 0.0120526
0.825 6.34902e-07 -6.10326e-09 0.00961291
0.875 6.09052e-07 -4.28477e-09 0.00703514
0.925 5.85356e-07 -2.52949e-09 0.00432128
0.975 5.63576e-07 -8.30401e-10 0.00147345
