# z   mu   I(z,mu)   Q(z,mu)   at nu=0.678537
0.00710204 -0.975 1.10043e-06 -7.82722e-10
0.00710204 -0.925 1.14519e-06 -2.5633e-09
0.00710204 -0.875 1.18945e-06 -4.08153e-09
0.00710204 -0.825 1.2548e-06 -5.90559e-09
0.00710204 -0.775 1.31264e-06 -7.82453e-09
0.00710204 -0.725 1.36902e-06 -9.30025e-09
0.00710204 -0.675 1.445e-06 -1.16844e-08
0.00710204 -0.625 1.51373e-06 -1.40788e-08
0.00710204 -0.575 1.61396e-06 -1.56867e-08
0.00710204 -0.525 1.706e-06 -1.80397e-08
0.00710204 -0.475 1.79225e-06 -2.02361e-08
0.00710204 -0.425 1.94898e-06 -2.3088e-08
0.00710204 -0.375 2.08534e-06 -2.54695e-08
0.00710204 -0.325 2.24098e-06 -2.77017e-08
0.00710204 -0.275 2.42263e-06 -3.11179e-08
0.00710204 -0.225 2.59214e-06 -3.43095e-08
0.00710204 -0.175 2.80777e-06 -3.43087e-08
0.00710204 -0.125 2.9682e-06 -3.53492e-08
0.00710204 -0.075 3.14455e-06 -3.69609e-08
0.00710204 -0.025 3.20405e-06 -4.51088e-08
0.00710204 0.025 1.03156e-06 -1.01335e-08
0.00710204 0.075 1.01989e-06 -2.07977e-09
0.00710204 0.125 1.43569e-06 -1.06276e-09
0.00710204 0.175 1.82899e-06 -9.92965e-10
0.00710204 0.225 2.25626e-06 -6.22185e-10
0.00710204 0.275 2.65959e-06 -4.3168e-10
0.00710204 0.325 3.10481e-06 -3.83091e-10
0.00710204 0.375 3.49753e-06 -3.22757e-10
0.00710204 0.425 3.95841e-06 -2.95416e-10
0.00710204 0.475 4.37059e-06 -2.66754e-10
0.00710204 0.525 4.8167e-06 -2.46651e-10
0.00710204 0.575 5.26011e-06 -1.89224e-10
0.00710204 0.625 5.67071e-06 -1.29039e-10
0.00710204 0.675 6.07929e-06 -1.35001e-10
0.00710204 0.725 6.53019e-06 -1.01475e-10
0.00710204 0.775 6.96327e-06 -7.14217e-11
0.00710204 0.825 7.39414e-06 -5.59258e-11
0.00710204 0.875 7.84842e-06 -4.67123e-11
0.00710204 0.925 8.28408e-06 -2.55696e-11
0.00710204 0.975 8.69797e-06 -8.20135e-12

0.0213061 -0.975 1.08397e-06 -7.70531e-10
0.0213061 -0.925 1.12972e-06 -2.54025e-09
0.0213061 -0.875 1.17408e-06 -4.0276e-09
0.0213061 -0.825 1.23791e-06 -5.82508e-09
0.0213061 -0.775 1.29473e-06 -7.72594e-09
0.0213061 -0.725 1.35129e-06 -9.19249e-09
0.0213061 -0.675 1.42812e-06 -1.15939e-08
0.0213061 -0.625 1.49498e-06 -1.39146e-08
0.0213061 -0.575 1.59557e-06 -1.55498e-08
0.0213061 -0.525 1.68701e-06 -1.78741e-08
0.0213061 -0.475 1.76908e-06 -2.00418e-08
0.0213061 -0.425 1.92721e-06 -2.29992e-08
0.0213061 -0.375 2.0665e-06 -2.5277e-08
0.0213061 -0.325 2.21619e-06 -2.74275e-08
0.0213061 -0.275 2.40138e-06 -3.09715e-08
0.0213061 -0.225 2.57819e-06 -3.45099e-08
0.0213061 -0.175 2.79269e-06 -3.39669e-08
0.0213061 -0.125 2.96688e-06 -3.5246e-08
0.0213061 -0.075 3.13347e-06 -3.6034e-08
0.0213061 -0.025 3.25869e-06 -4.08266e-08
0.0213061 0.025 1.70732e-06 -1.51595e-08
0.0213061 0.075 1.2128e-06 -6.09659e-09
0.0213061 0.125 1.53471e-06 -3.2588e-09
0.0213061 0.175 1.88629e-06 -2.48984e-09
0.0213061 0.225 2.28645e-06 -1.85596e-09
0.0213061 0.275 2.67364e-06 -1.30898e-09
0.0213061 0.325 3.11105e-06 -1.23433e-09
0.0213061 0.375 3.49346e-06 -1.10257e-09
0.0213061 0.425 3.9462e-06 -9.2207e-10
0.0213061 0.475 4.35318e-06 -8.00706e-10
0.0213061 0.525 4.79313e-06 -6.93456e-10
0.0213061 0.575 5.23412e-06 -5.13997e-10
0.0213061 0.625 5.64261e-06 -4.30069e-10
0.0213061 0.675 6.05116e-06 -4.16947e-10
0.0213061 0.725 6.49734e-06 -3.0458e-10
0.0213061 0.775 6.93142e-06 -2.43239e-10
0.0213061 0.825 7.35549e-06 -1.34875e-10
0.0213061 0.875 7.81255e-06 -1.01312e-10
0.0213061 0.925 8.24232e-06 -7.98802e-11
0.0213061 0.975 8.65702e-06 -2.20594e-11

0.0355102 -0.975 1.06702e-06 -7.63196e-10
0.0355102 -0.925 1.11412e-06 -2.51782e-09
0.0355102 -0.875 1.15762e-06 -3.98102e-09
0.0355102 -0.825 1.21985e-06 -5.75902e-09
0.0355102 -0.775 1.27733e-06 -7.64496e-09
0.0355102 -0.725 1.33271e-06 -9.10094e-09
0.0355102 -0.675 1.40967e-06 -1.1489e-08
0.0355102 -0.625 1.47653e-06 -1.37419e-08
0.0355102 -0.575 1.57408e-06 -1.54951e-08
0.0355102 -0.525 1.66916e-06 -1.76062e-08
0.0355102 -0.475 1.74769e-06 -1.99882e-08
0.0355102 -0.425 1.90186e-06 -2.29281e-08
0.0355102 -0.375 2.0479e-06 -2.51562e-08
0.0355102 -0.325 2.19077e-06 -2.71353e-08
0.0355102 -0.275 2.37854e-06 -3.08767e-08
0.0355102 -0.225 2.55326e-06 -3.41923e-08
0.0355102 -0.175 2.78273e-06 -3.39961e-08
0.0355102 -0.125 2.95736e-06 -3.4577e-08
0.0355102 -0.075 3.13762e-06 -3.60103e-08
0.0355102 -0.025 3.22886e-06 -4.17406e-08
0.0355102 0.025 2.08535e-06 -2.22417e-08
0.0355102 0.075 1.3997e-06 -9.70036e-09
0.0355102 0.125 1.62982e-06 -5.48993e-09
0.0355102 0.175 1.93745e-06 -3.82041e-09
0.0355102 0.225 2.31669e-06 -3.01313e-09
0.0355102 0.275 2.68852e-06 -2.21264e-09
0.0355102 0.325 3.11076e-06 -2.03019e-09
0.0355102 0.375 3.48549e-06 -1.85207e-09
0.0355102 0.425 3.93193e-06 -1.53718e-09
0.0355102 0.475 4.33521e-06 -1.26733e-09
0.0355102 0.525 4.77086e-06 -1.11983e-09
0.0355102 0.575 5.20849e-06 -7.9545e-10
0.0355102 0.625 5.61561e-06 -7.55911e-10
0.0355102 0.675 6.02306e-06 -5.92949e-10
0.0355102 0.725 6.46537e-06 -5.24191e-10
0.0355102 0.775 6.89729e-06 -3.9729e-10
0.0355102 0.825 7.31867e-06 -2.40726e-10
0.0355102 0.875 7.77417e-06 -1.72252e-10
0.0355102 0.925 8.20217e-06 -1.27841e-10
0.0355102 0.975 8.61905e-06 -3.65952e-11

0.0497143 -0.975 1.05089e-06 -7.53162e-10
0.0497143 -0.925 1.09806e-06 -2.49636e-09
0.0497143 -0.875 1.14117e-06 -3.93649e-09
0.0497143 -0.825 1.20316e-06 -5.69831e-09
0.0497143 -0.775 1.26053e-06 -7.61404e-09
0.0497143 -0.725 1.31397e-06 -8.9632e-09
0.0497143 -0.675 1.39018e-06 -1.1343e-08
0.0497143 -0.625 1.45708e-06 -1.35375e-08
0.0497143 -0.575 1.55221e-06 -1.53013e-08
0.0497143 -0.525 1.64865e-06 -1.74004e-08
0.0497143 -0.475 1.72482e-06 -1.98457e-08
0.0497143 -0.425 1.87858e-06 -2.27316e-08
0.0497143 -0.375 2.02579e-06 -2.49597e-08
0.0497143 -0.325 2.16824e-06 -2.70246e-08
0.0497143 -0.275 2.3536e-06 -3.0576e-08
0.0497143 -0.225 2.53153e-06 -3.38001e-08
0.0497143 -0.175 2.76833e-06 -3.37957e-08
0.0497143 -0.125 2.94874e-06 -3.43042e-08
0.0497143 -0.075 3.13618e-06 -3.63953e-08
0.0497143 -0.025 3.24023e-06 -3.95062e-08
0.0497143 0.025 2.38631e-06 -2.58721e-08
0.0497143 0.075 1.58014e-06 -1.21289e-08
0.0497143 0.125 1.7196e-06 -7.17996e-09
0.0497143 0.175 1.98113e-06 -4.91943e-09
0.0497143 0.225 2.3418e-06 -4.05881e-09
0.0497143 0.275 2.70149e-06 -3.17612e-09
0.0497143 0.325 3.11025e-06 -2.75629e-09
0.0497143 0.375 3.4785e-06 -2.4097e-09
0.0497143 0.425 3.92137e-06 -2.08873e-09
0.0497143 0.475 4.31837e-06 -1.77447e-09
0.0497143 0.525 4.75272e-06 -1.53548e-09
0.0497143 0.575 5.18448e-06 -1.04024e-09
0.0497143 0.625 5.5873e-06 -1.04478e-09
0.0497143 0.675 5.99584e-06 -8.02116e-10
0.0497143 0.725 6.43249e-06 -7.18436e-10
0.0497143 0.775 6.86491e-06 -5.43877e-10
0.0497143 0.825 7.28352e-06 -3.6895e-10
0.0497143 0.875 7.7352e-06 -2.49796e-10
0.0497143 0.925 8.16283e-06 -1.6362e-10
0.0497143 0.975 8.58103e-06 -5.0029e-11

0.0639184 -0.975 1.03558e-06 -7.4423e-10
0.0639184 -0.925 1.08081e-06 -2.47322e-09
0.0639184 -0.875 1.1245e-06 -3.89863e-09
0.0639184 -0.825 1.18509e-06 -5.64658e-09
0.0639184 -0.775 1.24348e-06 -7.50854e-09
0.0639184 -0.725 1.29505e-06 -8.88303e-09
0.0639184 -0.675 1.36964e-06 -1.12637e-08
0.0639184 -0.625 1.43714e-06 -1.34402e-08
0.0639184 -0.575 1.53055e-06 -1.51638e-08
0.0639184 -0.525 1.62704e-06 -1.7215e-08
0.0639184 -0.475 1.70343e-06 -1.96713e-08
0.0639184 -0.425 1.85617e-06 -2.25035e-08
0.0639184 -0.375 2.00339e-06 -2.49542e-08
0.0639184 -0.325 2.14388e-06 -2.70196e-08
0.0639184 -0.275 2.32936e-06 -3.02466e-08
0.0639184 -0.225 2.50925e-06 -3.36671e-08
0.0639184 -0.175 2.74946e-06 -3.36668e-08
0.0639184 -0.125 2.93547e-06 -3.40805e-08
0.0639184 -0.075 3.12113e-06 -3.61788e-08
0.0639184 -0.025 3.19944e-06 -4.10263e-08
0.0639184 0.025 2.59824e-06 -2.916e-08
0.0639184 0.075 1.74558e-06 -1.59907e-08
0.0639184 0.125 1.80911e-06 -8.42587e-09
0.0639184 0.175 2.03307e-06 -6.31196e-09
0.0639184 0.225 2.37023e-06 -5.18343e-09
0.0639184 0.275 2.71292e-06 -4.00349e-09
0.0639184 0.325 3.11537e-06 -3.4678e-09
0.0639184 0.375 3.47084e-06 -2.94513e-09
0.0639184 0.425 3.9087e-06 -2.64889e-09
0.0639184 0.475 4.3023e-06 -2.22111e-09
0.0639184 0.525 4.7346e-06 -1.88616e-09
0.0639184 0.575 5.16076e-06 -1.35559e-09
0.0639184 0.625 5.55834e-06 -1.34849e-09
0.0639184 0.675 5.96713e-06 -9.79661e-10
0.0639184 0.725 6.40127e-06 -9.06381e-10
0.0639184 0.775 6.83012e-06 -6.62873e-10
0.0639184 0.825 7.2486e-06 -4.53812e-10
0.0639184 0.875 7.70013e-06 -3.23142e-10
0.0639184 0.925 8.12359e-06 -2.07602e-10
0.0639184 0.975 8.54283e-06 -6.35387e-11

0.0781224 -0.975 1.02064e-06 -7.36639e-10
0.0781224 -0.925 1.06418e-06 -2.45886e-09
0.0781224 -0.875 1.10756e-06 -3.86955e-09
0.0781224 -0.825 1.16636e-06 -5.59232e-09
0.0781224 -0.775 1.22455e-06 -7.48155e-09
0.0781224 -0.725 1.27699e-06 -8.81014e-09
0.0781224 -0.675 1.34955e-06 -1.11522e-08
0.0781224 -0.625 1.41702e-06 -1.33143e-08
0.0781224 -0.575 1.51004e-06 -1.5024e-08
0.0781224 -0.525 1.60453e-06 -1.70722e-08
0.0781224 -0.475 1.68022e-06 -1.95107e-08
0.0781224 -0.425 1.8322e-06 -2.23016e-08
0.0781224 -0.375 1.98065e-06 -2.47978e-08
0.0781224 -0.325 2.11883e-06 -2.68546e-08
0.0781224 -0.275 2.30885e-06 -2.9995e-08
0.0781224 -0.225 2.488e-06 -3.38737e-08
0.0781224 -0.175 2.72041e-06 -3.38273e-08
0.0781224 -0.125 2.91316e-06 -3.48225e-08
0.0781224 -0.075 3.1101e-06 -3.51775e-08
0.0781224 -0.025 3.19021e-06 -3.41148e-08
0.0781224 0.025 2.65782e-06 -2.72072e-08
0.0781224 0.075 1.90672e-06 -1.77332e-08
0.0781224 0.125 1.89348e-06 -9.86354e-09
0.0781224 0.175 2.08347e-06 -7.98508e-09
0.0781224 0.225 2.39913e-06 -6.2497e-09
0.0781224 0.275 2.72351e-06 -4.78008e-09
0.0781224 0.325 3.11955e-06 -3.99172e-09
0.0781224 0.375 3.4647e-06 -3.5052e-09
0.0781224 0.425 3.89763e-06 -3.10822e-09
0.0781224 0.475 4.28507e-06 -2.6702e-09
0.0781224 0.525 4.71426e-06 -2.2173e-09
0.0781224 0.575 5.1383e-06 -1.73971e-09
0.0781224 0.625 5.53119e-06 -1.59787e-09
0.0781224 0.675 5.94077e-06 -1.17788e-09
0.0781224 0.725 6.36855e-06 -1.0877e-09
0.0781224 0.775 6.79653e-06 -7.96712e-10
0.0781224 0.825 7.21332e-06 -5.52138e-10
0.0781224 0.875 7.66438e-06 -3.90105e-10
0.0781224 0.925 8.08436e-06 -2.52041e-10
0.0781224 0.975 8.50429e-06 -7.60824e-11

0.0923265 -0.975 1.00476e-06 -7.28121e-10
0.0923265 -0.925 1.04686e-06 -2.433e-09
0.0923265 -0.875 1.09083e-06 -3.83364e-09
0.0923265 -0.825 1.14828e-06 -5.56622e-09
0.0923265 -0.775 1.20609e-06 -7.43452e-09
0.0923265 -0.725 1.25848e-06 -8.72644e-09
0.0923265 -0.675 1.3308e-06 -1.10805e-08
0.0923265 -0.625 1.39694e-06 -1.3195e-08
0.0923265 -0.575 1.48856e-06 -1.48014e-08
0.0923265 -0.525 1.58247e-06 -1.69378e-08
0.0923265 -0.475 1.65933e-06 -1.93472e-08
0.0923265 -0.425 1.81239e-06 -2.22365e-08
0.0923265 -0.375 1.95496e-06 -2.48149e-08
0.0923265 -0.325 2.09368e-06 -2.66275e-08
0.0923265 -0.275 2.28375e-06 -2.96779e-08
0.0923265 -0.225 2.46569e-06 -3.3802e-08
0.0923265 -0.175 2.69597e-06 -3.37522e-08
0.0923265 -0.125 2.89205e-06 -3.53235e-08
0.0923265 -0.075 3.10352e-06 -3.33208e-08
0.0923265 -0.025 3.15813e-06 -3.4093e-08
0.0923265 0.025 2.76368e-06 -2.82217e-08
0.0923265 0.075 2.0287e-06 -1.97268e-08
0.0923265 0.125 1.97535e-06 -1.13349e-08
0.0923265 0.175 2.12389e-06 -9.01665e-09
0.0923265 0.225 2.42816e-06 -6.94299e-09
0.0923265 0.275 2.736e-06 -5.59905e-09
0.0923265 0.325 3.12035e-06 -4.6118e-09
0.0923265 0.375 3.45655e-06 -4.04995e-09
0.0923265 0.425 3.88946e-06 -3.47569e-09
0.0923265 0.475 4.26869e-06 -3.08867e-09
0.0923265 0.525 4.69437e-06 -2.50229e-09
0.0923265 0.575 5.11761e-06 -2.15484e-09
0.0923265 0.625 5.50335e-06 -1.81532e-09
0.0923265 0.675 5.91347e-06 -1.36677e-09
0.0923265 0.725 6.3368e-06 -1.23358e-09
0.0923265 0.775 6.7639e-06 -9.32088e-10
0.0923265 0.825 7.17982e-06 -6.79851e-10
0.0923265 0.875 7.62822e-06 -4.5499e-10
0.0923265 0.925 8.04519e-06 -2.94529e-10
0.0923265 0.975 8.46759e-06 -8.73953e-11

0.106531 -0.975 9.87191e-07 -7.20836e-10
0.106531 -0.925 1.03021e-06 -2.40193e-09
0.106531 -0.875 1.0739e-06 -3.8275e-09
0.106531 -0.825 1.12943e-06 -5.54117e-09
0.106531 -0.775 1.18665e-06 -7.31874e-09
0.106531 -0.725 1.2382e-06 -8.60577e-09
0.106531 -0.675 1.31177e-06 -1.09868e-08
0.106531 -0.625 1.37704e-06 -1.31806e-08
0.106531 -0.575 1.46559e-06 -1.45463e-08
0.106531 -0.525 1.5596e-06 -1.68515e-08
0.106531 -0.475 1.63646e-06 -1.92184e-08
0.106531 -0.425 1.79226e-06 -2.21791e-08
0.106531 -0.375 1.92875e-06 -2.44843e-08
0.106531 -0.325 2.06981e-06 -2.6352e-08
0.106531 -0.275 2.25892e-06 -2.94301e-08
0.106531 -0.225 2.44344e-06 -3.34299e-08
0.106531 -0.175 2.66829e-06 -3.32451e-08
0.106531 -0.125 2.87991e-06 -3.51905e-08
0.106531 -0.075 3.11021e-06 -3.31833e-08
0.106531 -0.025 3.15065e-06 -3.31267e-08
0.106531 0.025 2.8681e-06 -2.63709e-08
0.106531 0.075 2.12491e-06 -2.08213e-08
0.106531 0.125 2.05082e-06 -1.21609e-08
0.106531 0.175 2.17001e-06 -9.64991e-09
0.106531 0.225 2.4557e-06 -7.3918e-09
0.106531 0.275 2.74533e-06 -6.31091e-09
0.106531 0.325 3.12371e-06 -5.16893e-09
0.106531 0.375 3.45165e-06 -4.59791e-09
0.106531 0.425 3.88151e-06 -3.88225e-09
0.106531 0.475 4.25565e-06 -3.54388e-09
0.106531 0.525 4.67336e-06 -2.80293e-09
0.106531 0.575 5.09541e-06 -2.41698e-09
0.106531 0.625 5.47678e-06 -2.03099e-09
0.106531 0.675 5.88517e-06 -1.55119e-09
0.106531 0.725 6.307e-06 -1.39761e-09
0.106531 0.775 6.73142e-06 -1.0498e-09
0.106531 0.825 7.14617e-06 -7.78256e-10
0.106531 0.875 7.59007e-06 -5.27375e-10
0.106531 0.925 8.00716e-06 -3.37571e-10
0.106531 0.975 8.43132e-06 -9.96416e-11

0.120735 -0.975 9.70775e-07 -7.08909e-10
0.120735 -0.925 1.01351e-06 -2.38825e-09
0.120735 -0.875 1.05746e-06 -3.80568e-09
0.120735 -0.825 1.11131e-06 -5.48081e-09
0.120735 -0.775 1.16715e-06 -7.24438e-09
0.120735 -0.725 1.21842e-06 -8.51408e-09
0.120735 -0.675 1.29259e-06 -1.09042e-08
0.120735 -0.625 1.35581e-06 -1.30862e-08
0.120735 -0.575 1.44303e-06 -1.44352e-08
0.120735 -0.525 1.53895e-06 -1.67083e-08
0.120735 -0.475 1.61404e-06 -1.91658e-08
0.120735 -0.425 1.76774e-06 -2.19165e-08
0.120735 -0.375 1.90267e-06 -2.45259e-08
0.120735 -0.325 2.04693e-06 -2.62938e-08
0.120735 -0.275 2.23365e-06 -2.93239e-08
0.120735 -0.225 2.42375e-06 -3.36495e-08
0.120735 -0.175 2.64092e-06 -3.33337e-08
0.120735 -0.125 2.86012e-06 -3.53461e-08
0.120735 -0.075 3.08445e-06 -3.36216e-08
0.120735 -0.025 3.09946e-06 -3.15516e-08
0.120735 0.025 2.8912e-06 -2.27284e-08
0.120735 0.075 2.22639e-06 -2.16044e-08
0.120735 0.125 2.11401e-06 -1.35454e-08
0.120735 0.175 2.21343e-06 -1.06297e-08
0.120735 0.225 2.4808e-06 -7.87007e-09
0.120735 0.275 2.75305e-06 -7.2042e-09
0.120735 0.325 3.12923e-06 -5.54055e-09
0.120735 0.375 3.4475e-06 -5.20039e-09
0.120735 0.425 3.87402e-06 -4.18544e-09
0.120735 0.475 4.23787e-06 -3.96007e-09
0.120735 0.525 4.65397e-06 -3.10257e-09
0.120735 0.575 5.07211e-06 -2.75774e-09
0.120735 0.625 5.44917e-06 -2.295e-09
0.120735 0.675 5.85879e-06 -1.72061e-09
0.120735 0.725 6.27833e-06 -1.53365e-09
0.120735 0.775 6.70074e-06 -1.1605e-09
0.120735 0.825 7.11196e-06 -8.73632e-10
0.120735 0.875 7.55306e-06 -5.87532e-10
0.120735 0.925 7.97129e-06 -3.78001e-10
0.120735 0.975 8.39366e-06 -1.15534e-10

0.134939 -0.975 9.53343e-07 -6.96368e-10
0.134939 -0.925 9.96575e-07 -2.36644e-09
0.134939 -0.875 1.03946e-06 -3.77042e-09
0.134939 -0.825 1.09186e-06 -5.42876e-09
0.134939 -0.775 1.14804e-06 -7.24957e-09
0.134939 -0.725 1.19719e-06 -8.45399e-09
0.134939 -0.675 1.27267e-06 -1.08421e-08
0.134939 -0.625 1.33492e-06 -1.29446e-08
0.134939 -0.575 1.42194e-06 -1.43467e-08
0.134939 -0.525 1.51664e-06 -1.66441e-08
0.134939 -0.475 1.59188e-06 -1.9227e-08
0.134939 -0.425 1.74184e-06 -2.18021e-08
0.134939 -0.375 1.8792e-06 -2.44795e-08
0.134939 -0.325 2.02114e-06 -2.62743e-08
0.134939 -0.275 2.20995e-06 -2.94838e-08
0.134939 -0.225 2.40483e-06 -3.40017e-08
0.134939 -0.175 2.62094e-06 -3.39284e-08
0.134939 -0.125 2.83231e-06 -3.52822e-08
0.134939 -0.075 3.06668e-06 -3.4424e-08
0.134939 -0.025 3.07555e-06 -3.15577e-08
0.134939 0.025 3.02361e-06 -2.70956e-08
0.134939 0.075 2.32428e-06 -2.28652e-08
0.134939 0.125 2.17082e-06 -1.47426e-08
0.134939 0.175 2.25053e-06 -1.15423e-08
0.134939 0.225 2.50169e-06 -8.52651e-09
0.134939 0.275 2.76279e-06 -7.95496e-09
0.134939 0.325 3.13091e-06 -6.1631e-09
0.134939 0.375 3.44315e-06 -5.67243e-09
0.134939 0.425 3.86231e-06 -4.40824e-09
0.134939 0.475 4.22354e-06 -4.27919e-09
0.134939 0.525 4.63552e-06 -3.39744e-09
0.134939 0.575 5.04879e-06 -2.97887e-09
0.134939 0.625 5.4235e-06 -2.46214e-09
0.134939 0.675 5.83366e-06 -1.90636e-09
0.134939 0.725 6.24737e-06 -1.68721e-09
0.134939 0.775 6.66992e-06 -1.29064e-09
0.134939 0.825 7.07971e-06 -9.60232e-10
0.134939 0.875 7.51764e-06 -6.28603e-10
0.134939 0.925 7.93626e-06 -4.20542e-10
0.134939 0.975 8.35626e-06 -1.25551e-10

0.149143 -0.975 9.36654e-07 -6.86863e-10
0.149143 -0.925 9.79865e-07 -2.34232e-09
0.149143 -0.875 1.02105e-06 -3.72599e-09
0.149143 -0.825 1.0732e-06 -5.41642e-09
0.149143 -0.775 1.12839e-06 -7.18283e-09
0.149143 -0.725 1.17511e-06 -8.35501e-09
0.149143 -0.675 1.25105e-06 -1.07839e-08
0.149143 -0.625 1.31364e-06 -1.28352e-08
0.149143 -0.575 1.40027e-06 -1.41955e-08
0.149143 -0.525 1.49331e-06 -1.65456e-08
0.149143 -0.475 1.56913e-06 -1.91597e-08
0.149143 -0.425 1.71802e-06 -2.17028e-08
0.149143 -0.375 1.85481e-06 -2.45363e-08
0.149143 -0.325 1.99313e-06 -2.61577e-08
0.149143 -0.275 2.18104e-06 -2.94787e-08
0.149143 -0.225 2.38107e-06 -3.41909e-08
0.149143 -0.175 2.59455e-06 -3.41884e-08
0.149143 -0.125 2.81209e-06 -3.54663e-08
0.149143 -0.075 3.04511e-06 -3.53057e-08
0.149143 -0.025 3.09662e-06 -3.6986e-08
0.149143 0.025 3.04625e-06 -3.32553e-08
0.149143 0.075 2.41297e-06 -2.40235e-08
0.149143 0.125 2.21913e-06 -1.49634e-08
0.149143 0.175 2.2825e-06 -1.24943e-08
0.149143 0.225 2.52405e-06 -9.10108e-09
0.149143 0.275 2.77357e-06 -8.69431e-09
0.149143 0.325 3.13241e-06 -6.63626e-09
0.149143 0.375 3.43983e-06 -6.23422e-09
0.149143 0.425 3.85393e-06 -4.74645e-09
0.149143 0.475 4.20827e-06 -4.67301e-09
0.149143 0.525 4.61645e-06 -3.66316e-09
0.149143 0.575 5.02756e-06 -3.27574e-09
0.149143 0.625 5.40193e-06 -2.67298e-09
0.149143 0.675 5.80591e-06 -2.07621e-09
0.149143 0.725 6.21727e-06 -1.80931e-09
0.149143 0.775 6.63946e-06 -1.39973e-09
0.149143 0.825 7.04668e-06 -1.04396e-09
0.149143 0.875 7.48095e-06 -6.90578e-10
0.149143 0.925 7.89757e-06 -4.52682e-10
0.149143 0.975 8.31951e-06 -1.34031e-10

0.163347 -0.975 9.20121e-07 -6.81924e-10
0.163347 -0.925 9.63046e-07 -2.3076e-09
0.163347 -0.875 1.00316e-06 -3.68944e-09
0.163347 -0.825 1.05465e-06 -5.38053e-09
0.163347 -0.775 1.10838e-06 -7.08123e-09
0.163347 -0.725 1.15291e-06 -8.28407e-09
0.163347 -0.675 1.23207e-06 -1.06881e-08
0.163347 -0.625 1.29131e-06 -1.27323e-08
0.163347 -0.575 1.37841e-06 -1.41535e-08
0.163347 -0.525 1.46871e-06 -1.63018e-08
0.163347 -0.475 1.54592e-06 -1.90189e-08
0.163347 -0.425 1.69357e-06 -2.15299e-08
0.163347 -0.375 1.83029e-06 -2.45258e-08
0.163347 -0.325 1.96455e-06 -2.61912e-08
0.163347 -0.275 2.15211e-06 -2.91749e-08
0.163347 -0.225 2.35321e-06 -3.4165e-08
0.163347 -0.175 2.56464e-06 -3.3949e-08
0.163347 -0.125 2.79909e-06 -3.54897e-08
0.163347 -0.075 3.02724e-06 -3.67202e-08
0.163347 -0.025 3.06016e-06 -3.62121e-08
0.163347 0.025 3.05766e-06 -3.10885e-08
0.163347 0.075 2.47501e-06 -2.40047e-08
0.163347 0.125 2.2729e-06 -1.61055e-08
0.163347 0.175 2.31759e-06 -1.31299e-08
0.163347 0.225 2.54127e-06 -1.0005e-08
0.163347 0.275 2.78694e-06 -9.33411e-09
0.163347 0.325 3.13369e-06 -7.23878e-09
0.163347 0.375 3.43437e-06 -6.56607e-09
0.163347 0.425 3.84385e-06 -5.05699e-09
0.163347 0.475 4.19332e-06 -5.01642e-09
0.163347 0.525 4.59687e-06 -3.9937e-09
0.163347 0.575 5.00179e-06 -3.52807e-09
0.163347 0.625 5.37807e-06 -2.84701e-09
0.163347 0.675 5.77754e-06 -2.24326e-09
0.163347 0.725 6.18852e-06 -1.93521e-09
0.163347 0.775 6.60911e-06 -1.50917e-09
0.163347 0.825 7.01514e-06 -1.12993e-09
0.163347 0.875 7.44483e-06 -7.61232e-10
0.163347 0.925 7.8597e-06 -4.83491e-10
0.163347 0.975 8.28158e-06 -1.46311e-10

0.177551 -0.975 9.03083e-07 -6.7725e-10
0.177551 -0.925 9.46671e-07 -2.28176e-09
0.177551 -0.875 9.85831e-07 -3.6574e-09
0.177551 -0.825 1.03608e-06 -5.34402e-09
0.177551 -0.775 1.08942e-06 -6.99192e-09
0.177551 -0.725 1.13289e-06 -8.26532e-09
0.177551 -0.675 1.21072e-06 -1.05647e-08
0.177551 -0.625 1.26874e-06 -1.26174e-08
0.177551 -0.575 1.35666e-06 -1.40612e-08
0.177551 -0.525 1.44676e-06 -1.62221e-08
0.177551 -0.475 1.52312e-06 -1.89787e-08
0.177551 -0.425 1.66879e-06 -2.14139e-08
0.177551 -0.375 1.80085e-06 -2.44146e-08
0.177551 -0.325 1.93525e-06 -2.61512e-08
0.177551 -0.275 2.12536e-06 -2.9352e-08
0.177551 -0.225 2.32853e-06 -3.43262e-08
0.177551 -0.175 2.53913e-06 -3.42827e-08
0.177551 -0.125 2.77647e-06 -3.55769e-08
0.177551 -0.075 3.00899e-06 -3.72197e-08
0.177551 -0.025 3.0316e-06 -3.43561e-08
0.177551 0.025 3.09728e-06 -3.44635e-08
0.177551 0.075 2.53425e-06 -2.50246e-08
0.177551 0.125 2.31989e-06 -1.71056e-08
0.177551 0.175 2.35393e-06 -1.3518e-08
0.177551 0.225 2.55869e-06 -1.07708e-08
0.177551 0.275 2.80176e-06 -1.00902e-08
0.177551 0.325 3.13913e-06 -7.89406e-09
0.177551 0.375 3.42953e-06 -6.86658e-09
0.177551 0.425 3.8318e-06 -5.34881e-09
0.177551 0.475 4.17866e-06 -5.36933e-09
0.177551 0.525 4.57593e-06 -4.33627e-09
0.177551 0.575 4.97868e-06 -3.7742e-09
0.177551 0.625 5.35271e-06 -3.05297e-09
0.177551 0.675 5.74996e-06 -2.39976e-09
0.177551 0.725 6.15815e-06 -2.07204e-09
0.177551 0.775 6.57809e-06 -1.60835e-09
0.177551 0.825 6.9844e-06 -1.21114e-09
0.177551 0.875 7.40958e-06 -8.19453e-10
0.177551 0.925 7.82168e-06 -5.18196e-10
0.177551 0.975 8.24554e-06 -1.55286e-10

0.191755 -0.975 8.85787e-07 -6.71934e-10
0.191755 -0.925 9.29215e-07 -2.26662e-09
0.191755 -0.875 9.68726e-07 -3.63979e-09
0.191755 -0.825 1.01791e-06 -5.30343e-09
0.191755 -0.775 1.07192e-06 -6.9266e-09
0.191755 -0.725 1.11453e-06 -8.22181e-09
0.191755 -0.675 1.19025e-06 -1.04881e-08
0.191755 -0.625 1.24741e-06 -1.25452e-08
0.191755 -0.575 1.33399e-06 -1.39955e-08
0.191755 -0.525 1.42322e-06 -1.62476e-08
0.191755 -0.475 1.49799e-06 -1.88199e-08
0.191755 -0.425 1.6444e-06 -2.12991e-08
0.191755 -0.375 1.77474e-06 -2.42992e-08
0.191755 -0.325 1.9054e-06 -2.60022e-08
0.191755 -0.275 2.0986e-06 -2.93869e-08
0.191755 -0.225 2.29882e-06 -3.43e-08
0.191755 -0.175 2.51868e-06 -3.4578e-08
0.191755 -0.125 2.75443e-06 -3.5115e-08
0.191755 -0.075 2.98593e-06 -3.69398e-08
0.191755 -0.025 2.96352e-06 -3.03332e-08
0.191755 0.025 3.05609e-06 -3.60249e-08
0.191755 0.075 2.58949e-06 -2.59017e-08
0.191755 0.125 2.361e-06 -1.78099e-08
0.191755 0.175 2.38459e-06 -1.42027e-08
0.191755 0.225 2.57542e-06 -1.1352e-08
0.191755 0.275 2.81588e-06 -1.05678e-08
0.191755 0.325 3.14039e-06 -8.33322e-09
0.191755 0.375 3.42525e-06 -7.31434e-09
0.191755 0.425 3.81982e-06 -5.59961e-09
0.191755 0.475 4.1635e-06 -5.60347e-09
0.191755 0.525 4.5562e-06 -4.61279e-09
0.191755 0.575 4.95777e-06 -3.99625e-09
0.191755 0.625 5.32536e-06 -3.26384e-09
0.191755 0.675 5.72348e-06 -2.5634e-09
0.191755 0.725 6.12889e-06 -2.18679e-09
0.191755 0.775 6.54614e-06 -1.74027e-09
0.191755 0.825 6.95361e-06 -1.29188e-09
0.191755 0.875 7.37496e-06 -8.57426e-10
0.191755 0.925 7.78445e-06 -5.42043e-10
0.191755 0.975 8.2089e-06 -1.65038e-10

0.205959 -0.975 8.6967e-07 -6.67668e-10
0.205959 -0.925 9.12078e-07 -2.24568e-09
0.205959 -0.875 9.50766e-07 -3.60788e-09
0.205959 -0.825 9.9912e-07 -5.25188e-09
0.205959 -0.775 1.05454e-06 -6.90236e-09
0.205959 -0.725 1.09585e-06 -8.16765e-09
0.205959 -0.675 1.16695e-06 -1.03932e-08
0.205959 -0.625 1.22572e-06 -1.24208e-08
0.205959 -0.575 1.3105e-06 -1.39561e-08
0.205959 -0.525 1.39975e-06 -1.62516e-08
0.205959 -0.475 1.47471e-06 -1.85693e-08
0.205959 -0.425 1.61903e-06 -2.13462e-08
0.205959 -0.375 1.74762e-06 -2.43062e-08
0.205959 -0.325 1.87978e-06 -2.59824e-08
0.205959 -0.275 2.07251e-06 -2.94061e-08
0.205959 -0.225 2.27509e-06 -3.40433e-08
0.205959 -0.175 2.4937e-06 -3.45693e-08
0.205959 -0.125 2.73822e-06 -3.5396e-08
0.205959 -0.075 2.96773e-06 -3.74702e-08
0.205959 -0.025 3.01528e-06 -2.79819e-08
0.205959 0.025 3.13939e-06 -3.52968e-08
0.205959 0.075 2.63091e-06 -2.66937e-08
0.205959 0.125 2.40508e-06 -1.81735e-08
0.205959 0.175 2.41253e-06 -1.49896e-08
0.205959 0.225 2.59395e-06 -1.16916e-08
0.205959 0.275 2.8258e-06 -1.1032e-08
0.205959 0.325 3.14238e-06 -8.75831e-09
0.205959 0.375 3.42219e-06 -7.84009e-09
0.205959 0.425 3.8124e-06 -5.85471e-09
0.205959 0.475 4.14727e-06 -5.87874e-09
0.205959 0.525 4.53781e-06 -4.83429e-09
0.205959 0.575 4.93673e-06 -4.21081e-09
0.205959 0.625 5.3019e-06 -3.47516e-09
0.205959 0.675 5.69655e-06 -2.74297e-09
0.205959 0.725 6.09972e-06 -2.31347e-09
0.205959 0.775 6.5147e-06 -1.83658e-09
0.205959 0.825 6.92116e-06 -1.38176e-09
0.205959 0.875 7.34163e-06 -9.04232e-10
0.205959 0.925 7.7476e-06 -5.76091e-10
0.205959 0.975 8.16952e-06 -1.73258e-10

0.220163 -0.975 8.53875e-07 -6.64825e-10
0.220163 -0.925 8.95029e-07 -2.22575e-09
0.220163 -0.875 9.32708e-07 -3.57337e-09
0.220163 -0.825 9.80647e-07 -5.21924e-09
0.220163 -0.775 1.0344e-06 -6.81449e-09
0.220163 -0.725 1.07621e-06 -8.10258e-09
0.220163 -0.675 1.14467e-06 -1.02534e-08
0.220163 -0.625 1.20347e-06 -1.23432e-08
0.220163 -0.575 1.28687e-06 -1.37872e-08
0.220163 -0.525 1.37488e-06 -1.62007e-08
0.220163 -0.475 1.45352e-06 -1.84064e-08
0.220163 -0.425 1.59563e-06 -2.13132e-08
0.220163 -0.375 1.72148e-06 -2.41789e-08
0.220163 -0.325 1.85677e-06 -2.58856e-08
0.220163 -0.275 2.04555e-06 -2.95878e-08
0.220163 -0.225 2.24622e-06 -3.36722e-08
0.220163 -0.175 2.46307e-06 -3.44314e-08
0.220163 -0.125 2.71999e-06 -3.57357e-08
0.220163 -0.075 2.95007e-06 -3.86504e-08
0.220163 -0.025 3.05153e-06 -2.745e-08
0.220163 0.025 3.06471e-06 -3.17206e-08
0.220163 0.075 2.66612e-06 -2.7478e-08
0.220163 0.125 2.4408e-06 -1.87594e-08
0.220163 0.175 2.4388e-06 -1.55712e-08
0.220163 0.225 2.60751e-06 -1.20748e-08
0.220163 0.275 2.83096e-06 -1.15545e-08
0.220163 0.325 3.145e-06 -9.12749e-09
0.220163 0.375 3.41858e-06 -8.22026e-09
0.220163 0.425 3.80441e-06 -6.20358e-09
0.220163 0.475 4.13071e-06 -6.10164e-09
0.220163 0.525 4.51433e-06 -5.05378e-09
0.220163 0.575 4.91209e-06 -4.45228e-09
0.220163 0.625 5.27931e-06 -3.64692e-09
0.220163 0.675 5.66948e-06 -2.89776e-09
0.220163 0.725 6.06995e-06 -2.45838e-09
0.220163 0.775 6.48612e-06 -1.92485e-09
0.220163 0.825 6.88942e-06 -1.44137e-09
0.220163 0.875 7.30667e-06 -9.50478e-10
0.220163 0.925 7.71052e-06 -6.00536e-10
0.220163 0.975 8.13242e-06 -1.81245e-10

0.234367 -0.975 8.37856e-07 -6.57302e-10
0.234367 -0.925 8.77924e-07 -2.20838e-09
0.234367 -0.875 9.15037e-07 -3.55445e-09
0.234367 -0.825 9.61362e-07 -5.18843e-09
0.234367 -0.775 1.01551e-06 -6.78448e-09
0.234367 -0.725 1.0562e-06 -8.06066e-09
0.234367 -0.675 1.12458e-06 -1.01838e-08
0.234367 -0.625 1.18217e-06 -1.22506e-08
0.234367 -0.575 1.26465e-06 -1.36444e-08
0.234367 -0.525 1.35203e-06 -1.60036e-08
0.234367 -0.475 1.42997e-06 -1.83328e-08
0.234367 -0.425 1.56952e-06 -2.12568e-08
0.234367 -0.375 1.69517e-06 -2.41572e-08
0.234367 -0.325 1.83326e-06 -2.59973e-08
0.234367 -0.275 2.01751e-06 -2.94314e-08
0.234367 -0.225 2.21878e-06 -3.36464e-08
0.234367 -0.175 2.4367e-06 -3.45828e-08
0.234367 -0.125 2.69117e-06 -3.65744e-08
0.234367 -0.075 2.91066e-06 -3.91544e-08
0.234367 -0.025 2.9581e-06 -3.14123e-08
0.234367 0.025 3.03589e-06 -3.10946e-08
0.234367 0.075 2.69269e-06 -2.71551e-08
0.234367 0.125 2.46738e-06 -1.92365e-08
0.234367 0.175 2.46308e-06 -1.63569e-08
0.234367 0.225 2.62354e-06 -1.24402e-08
0.234367 0.275 2.84034e-06 -1.1934e-08
0.234367 0.325 3.15016e-06 -9.62153e-09
0.234367 0.375 3.41244e-06 -8.52065e-09
0.234367 0.425 3.79411e-06 -6.4895e-09
0.234367 0.475 4.1143e-06 -6.38925e-09
0.234367 0.525 4.49773e-06 -5.23877e-09
0.234367 0.575 4.88955e-06 -4.58188e-09
0.234367 0.625 5.25588e-06 -3.85121e-09
0.234367 0.675 5.64138e-06 -3.06996e-09
0.234367 0.725 6.04036e-06 -2.6023e-09
0.234367 0.775 6.45667e-06 -1.99912e-09
0.234367 0.825 6.85685e-06 -1.52123e-09
0.234367 0.875 7.27121e-06 -9.89195e-10
0.234367 0.925 7.67559e-06 -6.28497e-10
0.234367 0.975 8.09479e-06 -1.89529e-10

0.248571 -0.975 8.22038e-07 -6.54869e-10
0.248571 -0.925 8.61329e-07 -2.19803e-09
0.248571 -0.875 8.9675e-07 -3.53237e-09
0.248571 -0.825 9.41739e-07 -5.15074e-09
0.248571 -0.775 9.95906e-07 -6.7875e-09
0.248571 -0.725 1.03562e-06 -8.0205e-09
0.248571 -0.675 1.10466e-06 -1.01402e-08
0.248571 -0.625 1.16043e-06 -1.21689e-08
0.248571 -0.575 1.24259e-06 -1.35472e-08
0.248571 -0.525 1.32731e-06 -1.60288e-08
0.248571 -0.475 1.40658e-06 -1.82453e-08
0.248571 -0.425 1.54182e-06 -2.11125e-08
0.248571 -0.375 1.66966e-06 -2.41467e-08
0.248571 -0.325 1.8084e-06 -2.60629e-08
0.248571 -0.275 1.98856e-06 -2.93006e-08
0.248571 -0.225 2.19094e-06 -3.40255e-08
0.248571 -0.175 2.41075e-06 -3.45862e-08
0.248571 -0.125 2.6658e-06 -3.74888e-08
0.248571 -0.075 2.89218e-06 -3.83994e-08
0.248571 -0.025 3.01836e-06 -2.65902e-08
0.248571 0.025 3.08156e-06 -3.14677e-08
0.248571 0.075 2.71651e-06 -2.74191e-08
0.248571 0.125 2.49495e-06 -2.02867e-08
0.248571 0.175 2.48436e-06 -1.66137e-08
0.248571 0.225 2.63751e-06 -1.27637e-08
0.248571 0.275 2.84844e-06 -1.23191e-08
0.248571 0.325 3.15156e-06 -1.01736e-08
0.248571 0.375 3.40857e-06 -8.83084e-09
0.248571 0.425 3.77949e-06 -6.73433e-09
0.248571 0.475 4.09682e-06 -6.62731e-09
0.248571 0.525 4.47913e-06 -5.36935e-09
0.248571 0.575 4.86628e-06 -4.76072e-09
0.248571 0.625 5.23268e-06 -4.01999e-09
0.248571 0.675 5.61413e-06 -3.20958e-09
0.248571 0.725 6.01305e-06 -2.72598e-09
0.248571 0.775 6.42586e-06 -2.09655e-09
0.248571 0.825 6.82333e-06 -1.59535e-09
0.248571 0.875 7.23796e-06 -1.03084e-09
0.248571 0.925 7.64009e-06 -6.59918e-10
0.248571 0.975 8.05769e-06 -1.97607e-10

0.262776 -0.975 8.05265e-07 -6.51151e-10
0.262776 -0.925 8.43983e-07 -2.18549e-09
0.262776 -0.875 8.78645e-07 -3.50966e-09
0.262776 -0.825 9.23501e-07 -5.11151e-09
0.262776 -0.775 9.76825e-07 -6.72815e-09
0.262776 -0.725 1.01705e-06 -8.00205e-09
0.262776 -0.675 1.08497e-06 -1.01368e-08
0.262776 -0.625 1.13822e-06 -1.21326e-08
0.262776 -0.575 1.22113e-06 -1.34767e-08
0.262776 -0.525 1.3035e-06 -1.60303e-08
0.262776 -0.475 1.38294e-06 -1.81143e-08
0.262776 -0.425 1.51562e-06 -2.09896e-08
0.262776 -0.375 1.63736e-06 -2.38751e-08
0.262776 -0.325 1.78338e-06 -2.59347e-08
0.262776 -0.275 1.96136e-06 -2.96976e-08
0.262776 -0.225 2.16113e-06 -3.45969e-08
0.262776 -0.175 2.39093e-06 -3.51165e-08
0.262776 -0.125 2.64138e-06 -3.80434e-08
0.262776 -0.075 2.88473e-06 -3.92223e-08
0.262776 -0.025 2.99879e-06 -2.93736e-08
0.262776 0.025 3.12089e-06 -2.50031e-08
0.262776 0.075 2.73155e-06 -2.68657e-08
0.262776 0.125 2.53631e-06 -2.11061e-08
0.262776 0.175 2.50702e-06 -1.71657e-08
0.262776 0.225 2.6499e-06 -1.3384e-08
0.262776 0.275 2.85951e-06 -1.25192e-08
0.262776 0.325 3.15088e-06 -1.05625e-08
0.262776 0.375 3.40288e-06 -9.01362e-09
0.262776 0.425 3.76941e-06 -7.09874e-09
0.262776 0.475 4.07977e-06 -6.86087e-09
0.262776 0.525 4.4599e-06 -5.50025e-09
0.262776 0.575 4.84089e-06 -4.97474e-09
0.262776 0.625 5.21015e-06 -4.21274e-09
0.262776 0.675 5.58793e-06 -3.32975e-09
0.262776 0.725 5.98265e-06 -2.83628e-09
0.262776 0.775 6.39769e-06 -2.1866e-09
0.262776 0.825 6.7939e-06 -1.66094e-09
0.262776 0.875 7.20252e-06 -1.09334e-09
0.262776 0.925 7.60381e-06 -6.86165e-10
0.262776 0.975 8.02341e-06 -2.06614e-10

0.27698 -0.975 7.87899e-07 -6.49494e-10
0.27698 -0.925 8.26541e-07 -2.1585e-09
0.27698 -0.875 8.61024e-07 -3.502e-09
0.27698 -0.825 9.04592e-07 -5.08714e-09
0.27698 -0.775 9.56727e-07 -6.66552e-09
0.27698 -0.725 9.98512e-07 -7.94019e-09
0.27698 -0.675 1.06395e-06 -1.0047e-08
0.27698 -0.625 1.115e-06 -1.20859e-08
0.27698 -0.575 1.19863e-06 -1.33901e-08
0.27698 -0.525 1.27929e-06 -1.59374e-08
0.27698 -0.475 1.35896e-06 -1.813e-08
0.27698 -0.425 1.49126e-06 -2.10816e-08
0.27698 -0.375 1.60822e-06 -2.38262e-08
0.27698 -0.325 1.7562e-06 -2.58281e-08
0.27698 -0.275 1.93489e-06 -2.9882e-08
0.27698 -0.225 2.12783e-06 -3.4735e-08
0.27698 -0.175 2.36425e-06 -3.54829e-08
0.27698 -0.125 2.62267e-06 -3.89528e-08
0.27698 -0.075 2.86863e-06 -3.96e-08
0.27698 -0.025 2.9923e-06 -2.92676e-08
0.27698 0.025 3.05779e-06 -2.4565e-08
0.27698 0.075 2.75104e-06 -2.66441e-08
0.27698 0.125 2.56002e-06 -2.1875e-08
0.27698 0.175 2.53256e-06 -1.76513e-08
0.27698 0.225 2.66001e-06 -1.35678e-08
0.27698 0.275 2.86423e-06 -1.27701e-08
0.27698 0.325 3.15158e-06 -1.09991e-08
0.27698 0.375 3.39528e-06 -9.27226e-09
0.27698 0.425 3.75721e-06 -7.49336e-09
0.27698 0.475 4.0637e-06 -7.10528e-09
0.27698 0.525 4.44045e-06 -5.70993e-09
0.27698 0.575 4.8175e-06 -5.17935e-09
0.27698 0.625 5.18565e-06 -4.36182e-09
0.27698 0.675 5.55962e-06 -3.46921e-09
0.27698 0.725 5.95416e-06 -2.94336e-09
0.27698 0.775 6.36838e-06 -2.25791e-09
0.27698 0.825 6.76195e-06 -1.72233e-09
0.27698 0.875 7.16879e-06 -1.13412e-09
0.27698 0.925 7.56951e-06 -7.06255e-10
0.27698 0.975 7.98739e-06 -2.14737e-10

0.291184 -0.975 7.71039e-07 -6.47813e-10
0.291184 -0.925 8.09922e-07 -2.12213e-09
0.291184 -0.875 8.43651e-07 -3.49503e-09
0.291184 -0.825 8.86069e-07 -5.04332e-09
0.291184 -0.775 9.37561e-07 -6.61053e-09
0.291184 -0.725 9.79283e-07 -7.85236e-09
0.291184 -0.675 1.04255e-06 -9.99622e-09
0.291184 -0.625 1.09338e-06 -1.20319e-08
0.291184 -0.575 1.17498e-06 -1.33202e-08
0.291184 -0.525 1.25511e-06 -1.59176e-08
0.291184 -0.475 1.33469e-06 -1.79757e-08
0.291184 -0.425 1.46328e-06 -2.09806e-08
0.291184 -0.375 1.58052e-06 -2.38808e-08
0.291184 -0.325 1.7274e-06 -2.58377e-08
0.291184 -0.275 1.90369e-06 -2.99464e-08
0.291184 -0.225 2.09545e-06 -3.47554e-08
0.291184 -0.175 2.33239e-06 -3.6053e-08
0.291184 -0.125 2.60957e-06 -3.94655e-08
0.291184 -0.075 2.86606e-06 -4.0502e-08
0.291184 -0.025 2.94173e-06 -3.08368e-08
0.291184 0.025 2.97975e-06 -2.27702e-08
0.291184 0.075 2.77723e-06 -2.72569e-08
0.291184 0.125 2.59267e-06 -2.19978e-08
0.291184 0.175 2.54012e-06 -1.80598e-08
0.291184 0.225 2.67252e-06 -1.40113e-08
0.291184 0.275 2.86937e-06 -1.31298e-08
0.291184 0.325 3.14796e-06 -1.12552e-08
0.291184 0.375 3.3835e-06 -9.5011e-09
0.291184 0.425 3.74535e-06 -7.86793e-09
0.291184 0.475 4.04573e-06 -7.39469e-09
0.291184 0.525 4.42164e-06 -5.94717e-09
0.291184 0.575 4.79723e-06 -5.36843e-09
0.291184 0.625 5.15951e-06 -4.49247e-09
0.291184 0.675 5.53095e-06 -3.55986e-09
0.291184 0.725 5.92771e-06 -3.0703e-09
0.291184 0.775 6.338e-06 -2.33227e-09
0.291184 0.825 6.73008e-06 -1.79452e-09
0.291184 0.875 7.13484e-06 -1.18238e-09
0.291184 0.925 7.53373e-06 -7.25032e-10
0.291184 0.975 7.9517e-06 -2.22429e-10

0.305388 -0.975 7.54944e-07 -6.45859e-10
0.305388 -0.925 7.93148e-07 -2.10057e-09
0.305388 -0.875 8.27091e-07 -3.4628e-09
0.305388 -0.825 8.67701e-07 -5.01551e-09
0.305388 -0.775 9.19183e-07 -6.57202e-09
0.305388 -0.725 9.59759e-07 -7.85486e-09
0.305388 -0.675 1.02153e-06 -9.92085e-09
0.305388 -0.625 1.07148e-06 -1.19638e-08
0.305388 -0.575 1.15124e-06 -1.31904e-08
0.305388 -0.525 1.23195e-06 -1.59174e-08
0.305388 -0.475 1.31302e-06 -1.78042e-08
0.305388 -0.425 1.43822e-06 -2.08005e-08
0.305388 -0.375 1.55285e-06 -2.39917e-08
0.305388 -0.325 1.69739e-06 -2.57219e-08
0.305388 -0.275 1.8724e-06 -2.99557e-08
0.305388 -0.225 2.06735e-06 -3.50782e-08
0.305388 -0.175 2.30176e-06 -3.67078e-08
0.305388 -0.125 2.59809e-06 -4.09939e-08
0.305388 -0.075 2.83505e-06 -4.27879e-08
0.305388 -0.025 2.9853e-06 -3.72784e-08
0.305388 0.025 3.04442e-06 -3.093e-08
0.305388 0.075 2.79686e-06 -2.70615e-08
0.305388 0.125 2.6131e-06 -2.15862e-08
0.305388 0.175 2.55703e-06 -1.83766e-08
0.305388 0.225 2.683e-06 -1.46583e-08
0.305388 0.275 2.87584e-06 -1.33713e-08
0.305388 0.325 3.13913e-06 -1.16625e-08
0.305388 0.375 3.37612e-06 -9.66171e-09
0.305388 0.425 3.73414e-06 -8.19286e-09
0.305388 0.475 4.02782e-06 -7.66979e-09
0.305388 0.525 4.40443e-06 -6.1998e-09
0.305388 0.575 4.77389e-06 -5.5465e-09
0.305388 0.625 5.13335e-06 -4.65084e-09
0.305388 0.675 5.50241e-06 -3.61186e-09
0.305388 0.725 5.90045e-06 -3.15297e-09
0.305388 0.775 6.30766e-06 -2.39955e-09
0.305388 0.825 6.6995e-06 -1.87341e-09
0.305388 0.875 7.10119e-06 -1.22457e-09
0.305388 0.925 7.4992e-06 -7.53047e-10
0.305388 0.975 7.91712e-06 -2.30853e-10

0.319592 -0.975 7.38903e-07 -6.37047e-10
0.319592 -0.925 7.76191e-07 -2.08378e-09
0.319592 -0.875 8.10361e-07 -3.45644e-09
0.319592 -0.825 8.48999e-07 -4.98095e-09
0.319592 -0.775 8.99973e-07 -6.53134e-09
0.319592 -0.725 9.39466e-07 -7.81617e-09
0.319592 -0.675 1.00166e-06 -9.9348e-09
0.319592 -0.625 1.05067e-06 -1.19081e-08
0.319592 -0.575 1.12791e-06 -1.31006e-08
0.319592 -0.525 1.20842e-06 -1.57991e-08
0.319592 -0.475 1.29013e-06 -1.76108e-08
0.319592 -0.425 1.41382e-06 -2.06892e-08
0.319592 -0.375 1.5253e-06 -2.3987e-08
0.319592 -0.325 1.66846e-06 -2.57951e-08
0.319592 -0.275 1.84359e-06 -3.00075e-08
0.319592 -0.225 2.04232e-06 -3.49877e-08
0.319592 -0.175 2.27716e-06 -3.69392e-08
0.319592 -0.125 2.57484e-06 -4.17646e-08
0.319592 -0.075 2.81302e-06 -4.43969e-08
0.319592 -0.025 2.90984e-06 -3.69803e-08
0.319592 0.025 3.03978e-06 -2.81466e-08
0.319592 0.075 2.81575e-06 -2.72115e-08
0.319592 0.125 2.63173e-06 -2.20043e-08
0.319592 0.175 2.58162e-06 -1.88903e-08
0.319592 0.225 2.69386e-06 -1.53845e-08
0.319592 0.275 2.87825e-06 -1.35505e-08
0.319592 0.325 3.13318e-06 -1.19644e-08
0.319592 0.375 3.37166e-06 -9.82117e-09
0.319592 0.425 3.71902e-06 -8.35273e-09
0.319592 0.475 4.00884e-06 -7.87533e-09
0.319592 0.525 4.38681e-06 -6.39016e-09
0.319592 0.575 4.75305e-06 -5.69337e-09
0.319592 0.625 5.10952e-06 -4.80691e-09
0.319592 0.675 5.47707e-06 -3.67707e-09
0.319592 0.725 5.87182e-06 -3.25624e-09
0.319592 0.775 6.27546e-06 -2.4682e-09
0.319592 0.825 6.66913e-06 -1.92581e-09
0.319592 0.875 7.06711e-06 -1.25666e-09
0.319592 0.925 7.46472e-06 -7.85721e-10
0.319592 0.975 7.88201e-06 -2.42881e-10

0.333796 -0.975 7.23035e-07 -6.27598e-10
0.333796 -0.925 7.59888e-07 -2.0677e-09
0.333796 -0.875 7.93994e-07 -3.45029e-09
0.333796 -0.825 8.29702e-07 -4.93282e-09
0.333796 -0.775 8.81796e-07 -6.47732e-09
0.333796 -0.725 9.20053e-07 -7.77091e-09
0.333796 -0.675 9.81516e-07 -9.85754e-09
0.333796 -0.625 1.02887e-06 -1.1858e-08
0.333796 -0.575 1.10596e-06 -1.30542e-08
0.333796 -0.525 1.18583e-06 -1.57554e-08
0.333796 -0.475 1.2645e-06 -1.75454e-08
0.333796 -0.425 1.38969e-06 -2.05118e-08
0.333796 -0.375 1.49685e-06 -2.3952e-08
0.333796 -0.325 1.63966e-06 -2.58242e-08
0.333796 -0.275 1.81618e-06 -3.00135e-08
0.333796 -0.225 2.01712e-06 -3.44702e-08
0.333796 -0.175 2.25854e-06 -3.78346e-08
0.333796 -0.125 2.54231e-06 -4.24083e-08
0.333796 -0.075 2.79671e-06 -4.64057e-08
0.333796 -0.025 2.93645e-06 -3.95062e-08
0.333796 0.025 2.93827e-06 -2.7629e-08
0.333796 0.075 2.80639e-06 -2.74906e-08
0.333796 0.125 2.65017e-06 -2.23138e-08
0.333796 0.175 2.60514e-06 -1.92844e-08
0.333796 0.225 2.70669e-06 -1.57119e-08
0.333796 0.275 2.88464e-06 -1.37897e-08
0.333796 0.325 3.12838e-06 -1.21862e-08
0.333796 0.375 3.36289e-06 -1.00334e-08
0.333796 0.425 3.70547e-06 -8.49602e-09
0.333796 0.475 3.99309e-06 -8.05166e-09
0.333796 0.525 4.36729e-06 -6.54079e-09
0.333796 0.575 4.73374e-06 -5.82603e-09
0.333796 0.625 5.08567e-06 -4.99534e-09
0.333796 0.675 5.45202e-06 -3.81083e-09
0.333796 0.725 5.84358e-06 -3.37671e-09
0.333796 0.775 6.24341e-06 -2.54018e-09
0.333796 0.825 6.63694e-06 -1.98158e-09
0.333796 0.875 7.03423e-06 -1.28963e-09
0.333796 0.925 7.432e-06 -8.20147e-10
0.333796 0.975 7.84626e-06 -2.49402e-10

0.348 -0.975 7.01614e-07 -6.17935e-10
0.348 -0.925 7.36201e-07 -2.04784e-09
0.348 -0.875 7.70194e-07 -3.44258e-09
0.348 -0.825 8.05619e-07 -4.88607e-09
0.348 -0.775 8.55386e-07 -6.41267e-09
0.348 -0.725 8.92539e-07 -7.68793e-09
0.348 -0.675 9.5166e-07 -9.7257e-09
0.348 -0.625 9.99875e-07 -1.16628e-08
0.348 -0.575 1.07464e-06 -1.29104e-08
0.348 -0.525 1.15501e-06 -1.57128e-08
0.348 -0.475 1.22821e-06 -1.73788e-08
0.348 -0.425 1.35711e-06 -2.05824e-08
0.348 -0.375 1.45634e-06 -2.40658e-08
0.348 -0.325 1.60058e-06 -2.58459e-08
0.348 -0.275 1.77877e-06 -3.00457e-08
0.348 -0.225 1.97823e-06 -3.43157e-08
0.348 -0.175 2.22748e-06 -3.83613e-08
0.348 -0.125 2.50682e-06 -4.26608e-08
0.348 -0.075 2.77877e-06 -4.80663e-08
0.348 -0.025 2.9627e-06 -4.29323e-08
0.348 0.025 2.94394e-06 -2.99663e-08
0.348 0.075 2.81702e-06 -2.84099e-08
0.348 0.125 2.67179e-06 -2.24027e-08
0.348 0.175 2.61622e-06 -1.97076e-08
0.348 0.225 2.71452e-06 -1.61884e-08
0.348 0.275 2.88747e-06 -1.41557e-08
0.348 0.325 3.12621e-06 -1.26751e-08
0.348 0.375 3.35052e-06 -1.04226e-08
0.348 0.425 3.68845e-06 -8.6447e-09
0.348 0.475 3.97215e-06 -8.2883e-09
0.348 0.525 4.34419e-06 -6.71729e-09
0.348 0.575 4.70124e-06 -6.10524e-09
0.348 0.625 5.05138e-06 -5.13919e-09
0.348 0.675 5.41687e-06 -4.00444e-09
0.348 0.725 5.80263e-06 -3.50902e-09
0.348 0.775 6.20145e-06 -2.67787e-09
0.348 0.825 6.59218e-06 -2.05353e-09
0.348 0.875 6.9905e-06 -1.34458e-09
0.348 0.925 7.38623e-06 -8.49919e-10
0.348 0.975 7.79697e-06 -2.61167e-10

0.362204 -0.975 6.66318e-07 -5.98771e-10
0.362204 -0.925 7.00382e-07 -1.99477e-09
0.362204 -0.875 7.32495e-07 -3.33033e-09
0.362204 -0.825 7.66936e-07 -4.7959e-09
0.362204 -0.775 8.1442e-07 -6.26518e-09
0.362204 -0.725 8.51417e-07 -7.49599e-09
0.362204 -0.675 9.07006e-07 -9.47937e-09
0.362204 -0.625 9.54769e-07 -1.13029e-08
0.362204 -0.575 1.02364e-06 -1.26808e-08
0.362204 -0.525 1.10188e-06 -1.55182e-08
0.362204 -0.475 1.1738e-06 -1.69678e-08
0.362204 -0.425 1.30159e-06 -2.00923e-08
0.362204 -0.375 1.39387e-06 -2.38405e-08
0.362204 -0.325 1.53907e-06 -2.56041e-08
0.362204 -0.275 1.7208e-06 -2.98349e-08
0.362204 -0.225 1.91427e-06 -3.5082e-08
0.362204 -0.175 2.16055e-06 -3.94572e-08
0.362204 -0.125 2.45997e-06 -4.37594e-08
0.362204 -0.075 2.72665e-06 -4.80771e-08
0.362204 -0.025 2.9033e-06 -4.99775e-08
0.362204 0.025 2.87802e-06 -3.67169e-08
0.362204 0.075 2.84451e-06 -3.21595e-08
0.362204 0.125 2.7063e-06 -2.31072e-08
0.362204 0.175 2.63878e-06 -2.09346e-08
0.362204 0.225 2.73234e-06 -1.72105e-08
0.362204 0.275 2.88898e-06 -1.49127e-08
0.362204 0.325 3.12087e-06 -1.3681e-08
0.362204 0.375 3.33181e-06 -1.09555e-08
0.362204 0.425 3.66546e-06 -9.40562e-09
0.362204 0.475 3.93772e-06 -8.94527e-09
0.362204 0.525 4.30515e-06 -7.29125e-09
0.362204 0.575 4.65408e-06 -6.63894e-09
0.362204 0.625 5.00254e-06 -5.46652e-09
0.362204 0.675 5.36176e-06 -4.38562e-09
0.362204 0.725 5.74292e-06 -3.82148e-09
0.362204 0.775 6.1382e-06 -2.95814e-09
0.362204 0.825 6.52609e-06 -2.24251e-09
0.362204 0.875 6.92251e-06 -1.49831e-09
0.362204 0.925 7.31379e-06 -9.26754e-10
0.362204 0.975 7.72355e-06 -2.91328e-10

0.376408 -0.975 6.24291e-07 -5.74535e-10
0.376408 -0.925 6.56628e-07 -1.91086e-09
0.376408 -0.875 6.87084e-07 -3.151e-09
0.376408 -0.825 7.18961e-07 -4.59859e-09
0.376408 -0.775 7.64554e-07 -6.00602e-09
0.376408 -0.725 8.01841e-07 -7.16166e-09
0.376408 -0.675 8.52903e-07 -9.11028e-09
0.376408 -0.625 8.9779e-07 -1.0899e-08
0.376408 -0.575 9.64784e-07 -1.2155e-08
0.376408 -0.525 1.04101e-06 -1.49645e-08
0.376408 -0.475 1.10656e-06 -1.64421e-08
0.376408 -0.425 1.23066e-06 -1.95279e-08
0.376408 -0.375 1.32084e-06 -2.30943e-08
0.376408 -0.325 1.46434e-06 -2.52084e-08
0.376408 -0.275 1.64184e-06 -2.95661e-08
0.376408 -0.225 1.83245e-06 -3.45225e-08
0.376408 -0.175 2.07421e-06 -3.94498e-08
0.376408 -0.125 2.37384e-06 -4.35271e-08
0.376408 -0.075 2.66538e-06 -5.10699e-08
0.376408 -0.025 2.8671e-06 -6.05998e-08
0.376408 0.025 2.84972e-06 -4.35265e-08
0.376408 0.075 2.86262e-06 -3.47596e-08
0.376408 0.125 2.72386e-06 -2.59918e-08
0.376408 0.175 2.6613e-06 -2.26947e-08
0.376408 0.225 2.75251e-06 -1.95112e-08
0.376408 0.275 2.90393e-06 -1.65137e-08
0.376408 0.325 3.11263e-06 -1.47833e-08
0.376408 0.375 3.31066e-06 -1.21883e-08
0.376408 0.425 3.63645e-06 -1.0557e-08
0.376408 0.475 3.90126e-06 -9.98974e-09
0.376408 0.525 4.25939e-06 -8.20512e-09
0.376408 0.575 4.60031e-06 -7.32126e-09
0.376408 0.625 4.94638e-06 -6.19119e-09
0.376408 0.675 5.29574e-06 -4.91599e-09
0.376408 0.725 5.67429e-06 -4.28919e-09
0.376408 0.775 6.06437e-06 -3.31278e-09
0.376408 0.825 6.44924e-06 -2.47496e-09
0.376408 0.875 6.84313e-06 -1.68076e-09
0.376408 0.925 7.23068e-06 -1.02839e-09
0.376408 0.975 7.63865e-06 -3.35802e-10

0.390612 -0.975 5.82206e-07 -5.4076e-10
0.390612 -0.925 6.12866e-07 -1.80626e-09
0.390612 -0.875 6.40432e-07 -2.92773e-09
0.390612 -0.825 6.71682e-07 -4.34941e-09
0.390612 -0.775 7.15334e-07 -5.60801e-09
0.390612 -0.725 7.49606e-07 -6.70425e-09
0.390612 -0.675 7.9856e-07 -8.6526e-09
0.390612 -0.625 8.40569e-07 -1.03067e-08
0.390612 -0.575 9.03772e-07 -1.12682e-08
0.390612 -0.525 9.77487e-07 -1.4084e-08
0.390612 -0.475 1.03734e-06 -1.53271e-08
0.390612 -0.425 1.15609e-06 -1.82486e-08
0.390612 -0.375 1.24212e-06 -2.21117e-08
0.390612 -0.325 1.38204e-06 -2.43503e-08
0.390612 -0.275 1.55241e-06 -2.87431e-08
0.390612 -0.225 1.74289e-06 -3.23094e-08
0.390612 -0.175 1.98197e-06 -3.83606e-08
0.390612 -0.125 2.26909e-06 -4.08373e-08
0.390612 -0.075 2.59268e-06 -5.22889e-08
0.390612 -0.025 2.80525e-06 -5.24049e-08
0.390612 0.025 2.84841e-06 -4.87824e-08
0.390612 0.075 2.85964e-06 -3.84007e-08
0.390612 0.125 2.73756e-06 -2.9154e-08
0.390612 0.175 2.69511e-06 -2.5308e-08
0.390612 0.225 2.77056e-06 -2.20618e-08
0.390612 0.275 2.90743e-06 -1.81677e-08
0.390612 0.325 3.10677e-06 -1.64432e-08
0.390612 0.375 3.29468e-06 -1.39743e-08
0.390612 0.425 3.60889e-06 -1.17796e-08
0.390612 0.475 3.8614e-06 -1.09721e-08
0.390612 0.525 4.21284e-06 -9.10609e-09
0.390612 0.575 4.55216e-06 -8.01141e-09
0.390612 0.625 4.89244e-06 -7.08729e-09
0.390612 0.675 5.23552e-06 -5.52207e-09
0.390612 0.725 5.60745e-06 -4.73901e-09
0.390612 0.775 5.99517e-06 -3.74625e-09
0.390612 0.825 6.3739e-06 -2.78662e-09
0.390612 0.875 6.76036e-06 -1.90012e-09
0.390612 0.925 7.14885e-06 -1.17363e-09
0.390612 0.975 7.55552e-06 -3.78443e-10

0.404816 -0.975 5.39971e-07 -5.04774e-10
0.404816 -0.925 5.68569e-07 -1.67776e-09
0.404816 -0.875 5.92534e-07 -2.71255e-09
0.404816 -0.825 6.23267e-07 -4.12999e-09
0.404816 -0.775 6.63482e-07 -5.17952e-09
0.404816 -0.725 6.9579e-07 -6.13808e-09
0.404816 -0.675 7.42115e-07 -8.16235e-09
0.404816 -0.625 7.82757e-07 -9.57464e-09
0.404816 -0.575 8.39873e-07 -1.06944e-08
0.404816 -0.525 9.09729e-07 -1.28139e-08
0.404816 -0.475 9.6628e-07 -1.4568e-08
0.404816 -0.425 1.0791e-06 -1.75414e-08
0.404816 -0.375 1.16358e-06 -2.10718e-08
0.404816 -0.325 1.28951e-06 -2.28936e-08
0.404816 -0.275 1.46411e-06 -2.72396e-08
0.404816 -0.225 1.64867e-06 -2.99273e-08
0.404816 -0.175 1.88085e-06 -3.77886e-08
0.404816 -0.125 2.18465e-06 -3.90435e-08
0.404816 -0.075 2.50714e-06 -5.0685e-08
0.404816 -0.025 2.74367e-06 -4.90005e-08
0.404816 0.025 2.85981e-06 -4.89312e-08
0.404816 0.075 2.85415e-06 -4.42049e-08
0.404816 0.125 2.76833e-06 -3.39953e-08
0.404816 0.175 2.70766e-06 -2.83818e-08
0.404816 0.225 2.78055e-06 -2.46649e-08
0.404816 0.275 2.90247e-06 -2.00654e-08
0.404816 0.325 3.09634e-06 -1.85866e-08
0.404816 0.375 3.27424e-06 -1.55825e-08
0.404816 0.425 3.58036e-06 -1.32765e-08
0.404816 0.475 3.82357e-06 -1.21518e-08
0.404816 0.525 4.16752e-06 -1.00775e-08
0.404816 0.575 4.50562e-06 -8.95984e-09
0.404816 0.625 4.84038e-06 -7.90532e-09
0.404816 0.675 5.17707e-06 -6.26594e-09
0.404816 0.725 5.54545e-06 -5.31108e-09
0.404816 0.775 5.92628e-06 -4.26862e-09
0.404816 0.825 6.30076e-06 -3.17516e-09
0.404816 0.875 6.68403e-06 -2.14459e-09
0.404816 0.925 7.06911e-06 -1.31195e-09
0.404816 0.975 7.47299e-06 -4.15429e-10

0.41902 -0.975 4.955e-07 -4.60296e-10
0.41902 -0.925 5.23925e-07 -1.56888e-09
0.41902 -0.875 5.45243e-07 -2.44881e-09
0.41902 -0.825 5.74074e-07 -3.84169e-09
0.41902 -0.775 6.10884e-07 -4.76071e-09
0.41902 -0.725 6.41387e-07 -5.55613e-09
0.41902 -0.675 6.84957e-07 -7.36441e-09
0.41902 -0.625 7.22303e-07 -8.81411e-09
0.41902 -0.575 7.7551e-07 -1.00868e-08
0.41902 -0.525 8.38927e-07 -1.13287e-08
0.41902 -0.475 8.95648e-07 -1.33516e-08
0.41902 -0.425 1.00022e-06 -1.64106e-08
0.41902 -0.375 1.08442e-06 -1.93796e-08
0.41902 -0.325 1.20053e-06 -2.14319e-08
0.41902 -0.275 1.36059e-06 -2.59583e-08
0.41902 -0.225 1.54203e-06 -2.80494e-08
0.41902 -0.175 1.77242e-06 -3.43376e-08
0.41902 -0.125 2.0774e-06 -3.85947e-08
0.41902 -0.075 2.41853e-06 -5.00315e-08
0.41902 -0.025 2.69959e-06 -4.4462e-08
0.41902 0.025 2.89537e-06 -5.11517e-08
0.41902 0.075 2.85803e-06 -4.74969e-08
0.41902 0.125 2.77554e-06 -3.80479e-08
0.41902 0.175 2.73455e-06 -3.25869e-08
0.41902 0.225 2.78765e-06 -2.6858e-08
0.41902 0.275 2.89875e-06 -2.23556e-08
0.41902 0.325 3.08839e-06 -2.03501e-08
0.41902 0.375 3.25042e-06 -1.69236e-08
0.41902 0.425 3.55139e-06 -1.46552e-08
0.41902 0.475 3.79105e-06 -1.34202e-08
0.41902 0.525 4.12601e-06 -1.12522e-08
0.41902 0.575 4.45659e-06 -9.86796e-09
0.41902 0.625 4.78666e-06 -8.74589e-09
0.41902 0.675 5.11542e-06 -6.94574e-09
0.41902 0.725 5.47872e-06 -5.79227e-09
0.41902 0.775 5.86115e-06 -4.71018e-09
0.41902 0.825 6.22734e-06 -3.53198e-09
0.41902 0.875 6.60906e-06 -2.42635e-09
0.41902 0.925 6.99076e-06 -1.46657e-09
0.41902 0.975 7.38984e-06 -4.59539e-10

0.433224 -0.975 4.49546e-07 -4.17152e-10
0.433224 -0.925 4.79557e-07 -1.4128e-09
0.433224 -0.875 4.96971e-07 -2.24754e-09
0.433224 -0.825 5.23368e-07 -3.4636e-09
0.433224 -0.775 5.58724e-07 -4.2543e-09
0.433224 -0.725 5.88436e-07 -5.08561e-09
0.433224 -0.675 6.25356e-07 -6.66328e-09
0.433224 -0.625 6.60746e-07 -8.09038e-09
0.433224 -0.575 7.10374e-07 -9.24364e-09
0.433224 -0.525 7.67242e-07 -1.01875e-08
0.433224 -0.475 8.21092e-07 -1.22748e-08
0.433224 -0.425 9.20191e-07 -1.51417e-08
0.433224 -0.375 1.00415e-06 -1.79991e-08
0.433224 -0.325 1.10924e-06 -1.97732e-08
0.433224 -0.275 1.25643e-06 -2.36356e-08
0.433224 -0.225 1.43471e-06 -2.62167e-08
0.433224 -0.175 1.65664e-06 -3.19245e-08
0.433224 -0.125 1.96565e-06 -3.59446e-08
0.433224 -0.075 2.34381e-06 -4.66645e-08
0.433224 -0.025 2.70027e-06 -4.64685e-08
0.433224 0.025 2.8787e-06 -5.38571e-08
0.433224 0.075 2.85843e-06 -5.16059e-08
0.433224 0.125 2.78696e-06 -4.14405e-08
0.433224 0.175 2.7537e-06 -3.50209e-08
0.433224 0.225 2.78845e-06 -2.92839e-08
0.433224 0.275 2.89484e-06 -2.46473e-08
0.433224 0.325 3.07179e-06 -2.2154e-08
0.433224 0.375 3.23283e-06 -1.87993e-08
0.433224 0.425 3.52043e-06 -1.56413e-08
0.433224 0.475 3.75999e-06 -1.45822e-08
0.433224 0.525 4.07967e-06 -1.22177e-08
0.433224 0.575 4.40593e-06 -1.08125e-08
0.433224 0.625 4.73049e-06 -9.31725e-09
0.433224 0.675 5.05596e-06 -7.64903e-09
0.433224 0.725 5.41028e-06 -6.29654e-09
0.433224 0.775 5.7943e-06 -5.13757e-09
0.433224 0.825 6.15781e-06 -3.91534e-09
0.433224 0.875 6.53286e-06 -2.63405e-09
0.433224 0.925 6.91051e-06 -1.59653e-09
0.433224 0.975 7.31216e-06 -5.02776e-10

0.447429 -0.975 4.05965e-07 -3.7538e-10
0.447429 -0.925 4.33097e-07 -1.2639e-09
0.447429 -0.875 4.48528e-07 -1.99048e-09
0.447429 -0.825 4.73289e-07 -3.11214e-09
0.447429 -0.775 5.05441e-07 -3.79311e-09
0.447429 -0.725 5.33704e-07 -4.53152e-09
0.447429 -0.675 5.66634e-07 -5.96045e-09
0.447429 -0.625 6.0152e-07 -7.20611e-09
0.447429 -0.575 6.44759e-07 -8.26102e-09
0.447429 -0.525 6.96168e-07 -9.39019e-09
0.447429 -0.475 7.47754e-07 -1.10718e-08
0.447429 -0.425 8.38606e-07 -1.33066e-08
0.447429 -0.375 9.14599e-07 -1.6192e-08
0.447429 -0.325 1.01775e-06 -1.80596e-08
0.447429 -0.275 1.15046e-06 -2.1311e-08
0.447429 -0.225 1.32873e-06 -2.42442e-08
0.447429 -0.175 1.5388e-06 -2.73391e-08
0.447429 -0.125 1.84226e-06 -3.37885e-08
0.447429 -0.075 2.23132e-06 -4.48649e-08
0.447429 -0.025 2.65705e-06 -5.26621e-08
0.447429 0.025 2.77981e-06 -5.61909e-08
0.447429 0.075 2.84023e-06 -5.40312e-08
0.447429 0.125 2.77684e-06 -4.28718e-08
0.447429 0.175 2.76503e-06 -3.68637e-08
0.447429 0.225 2.79132e-06 -3.18228e-08
0.447429 0.275 2.88621e-06 -2.61721e-08
0.447429 0.325 3.05688e-06 -2.38776e-08
0.447429 0.375 3.21234e-06 -2.01929e-08
0.447429 0.425 3.48817e-06 -1.71218e-08
0.447429 0.475 3.72653e-06 -1.54939e-08
0.447429 0.525 4.0368e-06 -1.30992e-08
0.447429 0.575 4.35711e-06 -1.15167e-08
0.447429 0.625 4.67469e-06 -1.0038e-08
0.447429 0.675 5.00064e-06 -8.42248e-09
0.447429 0.725 5.34524e-06 -6.84636e-09
0.447429 0.775 5.72774e-06 -5.54204e-09
0.447429 0.825 6.08759e-06 -4.22259e-09
0.447429 0.875 6.46184e-06 -2.83911e-09
0.447429 0.925 6.83215e-06 -1.73104e-09
0.447429 0.975 7.23072e-06 -5.48903e-10

0.461633 -0.975 3.62624e-07 -3.24174e-10
0.461633 -0.925 3.86904e-07 -1.11303e-09
0.461633 -0.875 4.01321e-07 -1.738e-09
0.461633 -0.825 4.23389e-07 -2.74689e-09
0.461633 -0.775 4.53033e-07 -3.37625e-09
0.461633 -0.725 4.78048e-07 -4.01746e-09
0.461633 -0.675 5.06291e-07 -5.19419e-09
0.461633 -0.625 5.40139e-07 -6.33192e-09
0.461633 -0.575 5.78192e-07 -7.5764e-09
0.461633 -0.525 6.2548e-07 -8.33813e-09
0.461633 -0.475 6.76071e-07 -9.67778e-09
0.461633 -0.425 7.56056e-07 -1.20566e-08
0.461633 -0.375 8.23406e-07 -1.4082e-08
0.461633 -0.325 9.24859e-07 -1.59912e-08
0.461633 -0.275 1.04321e-06 -1.88009e-08
0.461633 -0.225 1.21092e-06 -2.16673e-08
0.461633 -0.175 1.41817e-06 -2.47482e-08
0.461633 -0.125 1.71109e-06 -3.14005e-08
0.461633 -0.075 2.10154e-06 -3.91599e-08
0.461633 -0.025 2.58221e-06 -5.28666e-08
0.461633 0.025 2.75433e-06 -5.29032e-08
0.461633 0.075 2.81466e-06 -5.50765e-08
0.461633 0.125 2.7616e-06 -4.44308e-08
0.461633 0.175 2.76905e-06 -3.76455e-08
0.461633 0.225 2.79184e-06 -3.38794e-08
0.461633 0.275 2.87131e-06 -2.66076e-08
0.461633 0.325 3.04203e-06 -2.54755e-08
0.461633 0.375 3.18988e-06 -2.15401e-08
0.461633 0.425 3.4559e-06 -1.83139e-08
0.461633 0.475 3.68829e-06 -1.66981e-08
0.461633 0.525 3.98793e-06 -1.41378e-08
0.461633 0.575 4.3069e-06 -1.23692e-08
0.461633 0.625 4.61937e-06 -1.07613e-08
0.461633 0.675 4.94387e-06 -8.9515e-09
0.461633 0.725 5.28368e-06 -7.48925e-09
0.461633 0.775 5.66113e-06 -5.86032e-09
0.461633 0.825 6.02081e-06 -4.48596e-09
0.461633 0.875 6.387e-06 -3.0435e-09
0.461633 0.925 6.75297e-06 -1.8396e-09
0.461633 0.975 7.14989e-06 -6.0236e-10

0.475837 -0.975 3.20612e-07 -2.88097e-10
0.475837 -0.925 3.41459e-07 -9.59727e-10
0.475837 -0.875 3.53984e-07 -1.51796e-09
0.475837 -0.825 3.75441e-07 -2.43612e-09
0.475837 -0.775 4.01827e-07 -2.92662e-09
0.475837 -0.725 4.23776e-07 -3.59618e-09
0.475837 -0.675 4.4838e-07 -4.54153e-09
0.475837 -0.625 4.80546e-07 -5.62746e-09
0.475837 -0.575 5.12707e-07 -6.62017e-09
0.475837 -0.525 5.55138e-07 -7.40296e-09
0.475837 -0.475 5.99502e-07 -8.28384e-09
0.475837 -0.425 6.71925e-07 -1.08033e-08
0.475837 -0.375 7.34489e-07 -1.2481e-08
0.475837 -0.325 8.25897e-07 -1.45305e-08
0.475837 -0.275 9.3761e-07 -1.67565e-08
0.475837 -0.225 1.09309e-06 -1.90815e-08
0.475837 -0.175 1.29179e-06 -2.22813e-08
0.475837 -0.125 1.57031e-06 -2.74066e-08
0.475837 -0.075 1.97884e-06 -3.52134e-08
0.475837 -0.025 2.37813e-06 -5.19233e-08
0.475837 0.025 2.63398e-06 -5.33545e-08
0.475837 0.075 2.76033e-06 -5.64142e-08
0.475837 0.125 2.73539e-06 -4.72867e-08
0.475837 0.175 2.75897e-06 -3.88246e-08
0.475837 0.225 2.78448e-06 -3.62496e-08
0.475837 0.275 2.85612e-06 -2.78673e-08
0.475837 0.325 3.02538e-06 -2.67594e-08
0.475837 0.375 3.16354e-06 -2.24441e-08
0.475837 0.425 3.42308e-06 -1.95732e-08
0.475837 0.475 3.64983e-06 -1.78348e-08
0.475837 0.525 3.94025e-06 -1.51773e-08
0.475837 0.575 4.25674e-06 -1.31387e-08
0.475837 0.625 4.56161e-06 -1.13982e-08
0.475837 0.675 4.88269e-06 -9.59332e-09
0.475837 0.725 5.22061e-06 -7.91268e-09
0.475837 0.775 5.59684e-06 -6.11439e-09
0.475837 0.825 5.94881e-06 -4.71915e-09
0.475837 0.875 6.31378e-06 -3.24922e-09
0.475837 0.925 6.67444e-06 -1.92995e-09
0.475837 0.975 7.07017e-06 -6.4622e-10

0.490041 -0.975 2.79283e-07 -2.51594e-10
0.490041 -0.925 2.97173e-07 -8.12996e-10
0.490041 -0.875 3.0894e-07 -1.31503e-09
0.490041 -0.825 3.27231e-07 -2.11166e-09
0.490041 -0.775 3.50786e-07 -2.48165e-09
0.490041 -0.725 3.68741e-07 -3.09667e-09
0.490041 -0.675 3.92505e-07 -3.94079e-09
0.490041 -0.625 4.20438e-07 -4.93232e-09
0.490041 -0.575 4.48495e-07 -5.76429e-09
0.490041 -0.525 4.86688e-07 -6.40654e-09
0.490041 -0.475 5.25944e-07 -7.20906e-09
0.490041 -0.425 5.87673e-07 -9.34019e-09
0.490041 -0.375 6.46181e-07 -1.08067e-08
0.490041 -0.325 7.30433e-07 -1.27101e-08
0.490041 -0.275 8.31205e-07 -1.48838e-08
0.490041 -0.225 9.71961e-07 -1.73365e-08
0.490041 -0.175 1.15903e-06 -1.98702e-08
0.490041 -0.125 1.42421e-06 -2.4906e-08
0.490041 -0.075 1.83686e-06 -2.95672e-08
0.490041 -0.025 2.24246e-06 -3.6828e-08
0.490041 0.025 2.51398e-06 -5.19223e-08
0.490041 0.075 2.71919e-06 -5.63064e-08
0.490041 0.125 2.70403e-06 -4.75854e-08
0.490041 0.175 2.74622e-06 -3.91532e-08
0.490041 0.225 2.77483e-06 -3.79524e-08
0.490041 0.275 2.83503e-06 -2.88021e-08
0.490041 0.325 3.00241e-06 -2.80193e-08
0.490041 0.375 3.13304e-06 -2.30791e-08
0.490041 0.425 3.39115e-06 -2.06981e-08
0.490041 0.475 3.60465e-06 -1.8557e-08
0.490041 0.525 3.89177e-06 -1.60475e-08
0.490041 0.575 4.20244e-06 -1.39067e-08
0.490041 0.625 4.4987e-06 -1.1779e-08
0.490041 0.675 4.82447e-06 -1.00847e-08
0.490041 0.725 5.156e-06 -8.3858e-09
0.490041 0.775 5.53084e-06 -6.40015e-09
0.490041 0.825 5.87853e-06 -4.94718e-09
0.490041 0.875 6.23947e-06 -3.43809e-09
0.490041 0.925 6.59606e-06 -2.01309e-09
0.490041 0.975 6.99072e-06 -6.75302e-10

0.504245 -0.975 2.39335e-07 -2.15194e-10
0.504245 -0.925 2.55197e-07 -6.94588e-10
0.504245 -0.875 2.65189e-07 -1.12945e-09
0.504245 -0.825 2.80555e-07 -1.84881e-09
0.504245 -0.775 3.00086e-07 -2.1487e-09
0.504245 -0.725 3.15527e-07 -2.68035e-09
0.504245 -0.675 3.37326e-07 -3.34821e-09
0.504245 -0.625 3.61968e-07 -4.34517e-09
0.504245 -0.575 3.85884e-07 -5.038e-09
0.504245 -0.525 4.21518e-07 -5.60728e-09
0.504245 -0.475 4.5508e-07 -6.25219e-09
0.504245 -0.425 5.06188e-07 -8.09084e-09
0.504245 -0.375 5.58604e-07 -9.09085e-09
0.504245 -0.325 6.37366e-07 -1.10742e-08
0.504245 -0.275 7.24906e-07 -1.36311e-08
0.504245 -0.225 8.49425e-07 -1.55873e-08
0.504245 -0.175 1.02528e-06 -1.85499e-08
0.504245 -0.125 1.28023e-06 -2.17539e-08
0.504245 -0.075 1.69102e-06 -2.53127e-08
0.504245 -0.025 2.18219e-06 -3.02499e-08
0.504245 0.025 2.42304e-06 -5.03057e-08
0.504245 0.075 2.63105e-06 -5.20728e-08
0.504245 0.125 2.64612e-06 -4.65842e-08
0.504245 0.175 2.72375e-06 -3.87705e-08
0.504245 0.225 2.75518e-06 -3.88466e-08
0.504245 0.275 2.8116e-06 -2.94076e-08
0.504245 0.325 2.97254e-06 -2.86171e-08
0.504245 0.375 3.10011e-06 -2.37205e-08
0.504245 0.425 3.35181e-06 -2.11527e-08
0.504245 0.475 3.5617e-06 -1.91158e-08
0.504245 0.525 3.84516e-06 -1.67131e-08
0.504245 0.575 4.15294e-06 -1.45278e-08
0.504245 0.625 4.43696e-06 -1.20982e-08
0.504245 0.675 4.76345e-06 -1.05131e-08
0.504245 0.725 5.09193e-06 -8.73727e-09
0.504245 0.775 5.46199e-06 -6.58174e-09
0.504245 0.825 5.80623e-06 -5.14728e-09
0.504245 0.875 6.16706e-06 -3.62214e-09
0.504245 0.925 6.51827e-06 -2.0849e-09
0.504245 0.975 6.90882e-06 -6.94587e-10

0.518449 -0.975 2.00276e-07 -1.80234e-10
0.518449 -0.925 2.14218e-07 -5.97687e-10
0.518449 -0.875 2.23957e-07 -1.01725e-09
0.518449 -0.825 2.36623e-07 -1.63523e-09
0.518449 -0.775 2.50941e-07 -1.85953e-09
0.518449 -0.725 2.63518e-07 -2.35871e-09
0.518449 -0.675 2.84474e-07 -2.88506e-09
0.518449 -0.625 3.06177e-07 -3.7912e-09
0.518449 -0.575 3.26375e-07 -4.36114e-09
0.518449 -0.525 3.58554e-07 -4.97695e-09
0.518449 -0.475 3.86463e-07 -5.53253e-09
0.518449 -0.425 4.28536e-07 -6.97746e-09
0.518449 -0.375 4.74841e-07 -8.06465e-09
0.518449 -0.325 5.41886e-07 -9.6888e-09
0.518449 -0.275 6.1966e-07 -1.20867e-08
0.518449 -0.225 7.33907e-07 -1.35277e-08
0.518449 -0.175 8.90344e-07 -1.68075e-08
0.518449 -0.125 1.13703e-06 -2.07936e-08
0.518449 -0.075 1.52869e-06 -2.45485e-08
0.518449 -0.025 2.02444e-06 -2.91028e-08
0.518449 0.025 2.35203e-06 -4.01229e-08
0.518449 0.075 2.54971e-06 -4.821e-08
0.518449 0.125 2.59003e-06 -4.29946e-08
0.518449 0.175 2.68311e-06 -3.7553e-08
0.518449 0.225 2.72318e-06 -3.92025e-08
0.518449 0.275 2.78093e-06 -3.00543e-08
0.518449 0.325 2.94089e-06 -2.89045e-08
0.518449 0.375 3.06351e-06 -2.40364e-08
0.518449 0.425 3.30615e-06 -2.13847e-08
0.518449 0.475 3.51236e-06 -1.93735e-08
0.518449 0.525 3.79511e-06 -1.70239e-08
0.518449 0.575 4.10109e-06 -1.49048e-08
0.518449 0.625 4.37794e-06 -1.23511e-08
0.518449 0.675 4.69837e-06 -1.07674e-08
0.518449 0.725 5.02484e-06 -8.86621e-09
0.518449 0.775 5.38651e-06 -6.74414e-09
0.518449 0.825 5.73352e-06 -5.3223e-09
0.518449 0.875 6.0906e-06 -3.75824e-09
0.518449 0.925 6.43747e-06 -2.13731e-09
0.518449 0.975 6.82605e-06 -7.18036e-10

0.532653 -0.975 1.67921e-07 -1.55691e-10
0.532653 -0.925 1.80071e-07 -5.35225e-10
0.532653 -0.875 1.88765e-07 -9.22644e-10
0.532653 -0.825 1.99862e-07 -1.47257e-09
0.532653 -0.775 2.12252e-07 -1.65881e-09
0.532653 -0.725 2.22033e-07 -2.16229e-09
0.532653 -0.675 2.39981e-07 -2.60139e-09
0.532653 -0.625 2.5889e-07 -3.41572e-09
0.532653 -0.575 2.75223e-07 -3.83191e-09
0.532653 -0.525 3.04329e-07 -4.65252e-09
0.532653 -0.475 3.31131e-07 -4.98594e-09
0.532653 -0.425 3.62777e-07 -6.24933e-09
0.532653 -0.375 4.04535e-07 -7.36191e-09
0.532653 -0.325 4.63272e-07 -8.95364e-09
0.532653 -0.275 5.33957e-07 -1.14203e-08
0.532653 -0.225 6.34013e-07 -1.24911e-08
0.532653 -0.175 7.78214e-07 -1.58192e-08
0.532653 -0.125 1.00804e-06 -2.04615e-08
0.532653 -0.075 1.38179e-06 -2.33383e-08
0.532653 -0.025 1.94583e-06 -2.93989e-08
0.532653 0.025 2.22678e-06 -3.22084e-08
0.532653 0.075 2.45349e-06 -4.63565e-08
0.532653 0.125 2.54121e-06 -4.06901e-08
0.532653 0.175 2.64758e-06 -3.72202e-08
0.532653 0.225 2.69224e-06 -3.87916e-08
0.532653 0.275 2.74768e-06 -2.99053e-08
0.532653 0.325 2.90831e-06 -2.87205e-08
0.532653 0.375 3.02802e-06 -2.38406e-08
0.532653 0.425 3.26552e-06 -2.14532e-08
0.532653 0.475 3.4697e-06 -1.95684e-08
0.532653 0.525 3.74972e-06 -1.71756e-08
0.532653 0.575 4.05189e-06 -1.50471e-08
0.532653 0.625 4.32953e-06 -1.24192e-08
0.532653 0.675 4.64236e-06 -1.08796e-08
0.532653 0.725 4.96544e-06 -8.98384e-09
0.532653 0.775 5.3231e-06 -6.82066e-09
0.532653 0.825 5.67107e-06 -5.37772e-09
0.532653 0.875 6.02554e-06 -3.83105e-09
0.532653 0.925 6.37027e-06 -2.1634e-09
0.532653 0.975 6.75358e-06 -7.30252e-10

0.546857 -0.975 1.47991e-07 -1.44676e-10
0.546857 -0.925 1.59135e-07 -5.1015e-10
0.546857 -0.875 1.67413e-07 -8.70328e-10
0.546857 -0.825 1.76648e-07 -1.39108e-09
0.546857 -0.775 1.87811e-07 -1.52708e-09
0.546857 -0.725 1.95929e-07 -2.03027e-09
0.546857 -0.675 2.13839e-07 -2.46479e-09
0.546857 -0.625 2.29881e-07 -3.18181e-09
0.546857 -0.575 2.43438e-07 -3.53939e-09
0.546857 -0.525 2.70808e-07 -4.49468e-09
0.546857 -0.475 2.94112e-07 -4.72609e-09
0.546857 -0.425 3.24399e-07 -5.89493e-09
0.546857 -0.375 3.58471e-07 -7.00665e-09
0.546857 -0.325 4.16266e-07 -8.74702e-09
0.546857 -0.275 4.77463e-07 -1.11722e-08
0.546857 -0.225 5.70599e-07 -1.21509e-08
0.546857 -0.175 7.04941e-07 -1.55074e-08
0.546857 -0.125 9.20498e-07 -2.03723e-08
0.546857 -0.075 1.278e-06 -2.28e-08
0.546857 -0.025 1.90169e-06 -3.02805e-08
0.546857 0.025 2.20748e-06 -2.82356e-08
0.546857 0.075 2.39677e-06 -4.327e-08
0.546857 0.125 2.50743e-06 -3.87428e-08
0.546857 0.175 2.61616e-06 -3.72362e-08
0.546857 0.225 2.66531e-06 -3.83038e-08
0.546857 0.275 2.72413e-06 -2.98678e-08
0.546857 0.325 2.88476e-06 -2.87358e-08
0.546857 0.375 3.00401e-06 -2.39118e-08
0.546857 0.425 3.23756e-06 -2.1416e-08
0.546857 0.475 3.44029e-06 -1.96527e-08
0.546857 0.525 3.71691e-06 -1.70409e-08
0.546857 0.575 4.02066e-06 -1.50846e-08
0.546857 0.625 4.2955e-06 -1.25315e-08
0.546857 0.675 4.60613e-06 -1.08982e-08
0.546857 0.725 4.92544e-06 -9.03967e-09
0.546857 0.775 5.28153e-06 -6.87043e-09
0.546857 0.825 5.63154e-06 -5.41422e-09
0.546857 0.875 5.982e-06 -3.84147e-09
0.546857 0.925 6.32611e-06 -2.16433e-09
0.546857 0.975 6.70903e-06 -7.35607e-10

0.561061 -0.975 1.34405e-07 -1.38523e-10
0.561061 -0.925 1.44592e-07 -4.89221e-10
0.561061 -0.875 1.51498e-07 -8.3698e-10
0.561061 -0.825 1.59185e-07 -1.32098e-09
0.561061 -0.775 1.69934e-07 -1.47296e-09
0.561061 -0.725 1.774e-07 -1.92486e-09
0.561061 -0.675 1.94271e-07 -2.36919e-09
0.561061 -0.625 2.09079e-07 -3.00484e-09
0.561061 -0.575 2.21329e-07 -3.32566e-09
0.561061 -0.525 2.45091e-07 -4.31465e-09
0.561061 -0.475 2.66888e-07 -4.44567e-09
0.561061 -0.425 2.95072e-07 -5.63e-09
0.561061 -0.375 3.26386e-07 -6.73538e-09
0.561061 -0.325 3.8267e-07 -8.54463e-09
0.561061 -0.275 4.37228e-07 -1.06566e-08
0.561061 -0.225 5.24098e-07 -1.18321e-08
0.561061 -0.175 6.45452e-07 -1.52342e-08
0.561061 -0.125 8.53187e-07 -1.98352e-08
0.561061 -0.075 1.20571e-06 -2.36893e-08
0.561061 -0.025 1.89191e-06 -3.60263e-08
0.561061 0.025 2.2095e-06 -2.89126e-08
0.561061 0.075 2.36076e-06 -4.15084e-08
0.561061 0.125 2.47969e-06 -3.80405e-08
0.561061 0.175 2.59279e-06 -3.66042e-08
0.561061 0.225 2.64703e-06 -3.7916e-08
0.561061 0.275 2.70776e-06 -2.97199e-08
0.561061 0.325 2.8688e-06 -2.87438e-08
0.561061 0.375 2.98504e-06 -2.39085e-08
0.561061 0.425 3.21825e-06 -2.1375e-08
0.561061 0.475 3.41732e-06 -1.96104e-08
0.561061 0.525 3.69526e-06 -1.69939e-08
0.561061 0.575 3.99464e-06 -1.50469e-08
0.561061 0.625 4.2704e-06 -1.26121e-08
0.561061 0.675 4.57942e-06 -1.09286e-08
0.561061 0.725 4.8972e-06 -9.05999e-09
0.561061 0.775 5.25218e-06 -6.94692e-09
0.561061 0.825 5.60091e-06 -5.41944e-09
0.561061 0.875 5.94888e-06 -3.84435e-09
0.561061 0.925 6.29401e-06 -2.16815e-09
0.561061 0.975 6.67671e-06 -7.37536e-10

0.575265 -0.975 1.21033e-07 -1.31094e-10
0.575265 -0.925 1.30376e-07 -4.72371e-10
0.575265 -0.875 1.35718e-07 -8.10563e-10
0.575265 -0.825 1.43017e-07 -1.24711e-09
0.575265 -0.775 1.52728e-07 -1.41907e-09
0.575265 -0.725 1.59452e-07 -1.8062e-09
0.575265 -0.675 1.75201e-07 -2.26987e-09
0.575265 -0.625 1.88345e-07 -2.84487e-09
0.575265 -0.575 1.99861e-07 -3.16791e-09
0.575265 -0.525 2.20731e-07 -4.06187e-09
0.575265 -0.475 2.39576e-07 -4.19822e-09
0.575265 -0.425 2.67725e-07 -5.37678e-09
0.575265 -0.375 2.95131e-07 -6.39822e-09
0.575265 -0.325 3.47713e-07 -8.13045e-09
0.575265 -0.275 3.95486e-07 -1.04021e-08
0.575265 -0.225 4.76304e-07 -1.13936e-08
0.575265 -0.175 5.88959e-07 -1.50713e-08
0.575265 -0.125 7.82801e-07 -1.93347e-08
0.575265 -0.075 1.12275e-06 -2.50187e-08
0.575265 -0.025 1.82508e-06 -4.27636e-08
0.575265 0.025 2.16242e-06 -2.39005e-08
0.575265 0.075 2.31897e-06 -4.02348e-08
0.575265 0.125 2.45049e-06 -3.72484e-08
0.575265 0.175 2.56633e-06 -3.57076e-08
0.575265 0.225 2.62663e-06 -3.75869e-08
0.575265 0.275 2.68923e-06 -2.95802e-08
0.575265 0.325 2.85057e-06 -2.84707e-08
0.575265 0.375 2.96495e-06 -2.38334e-08
0.575265 0.425 3.19763e-06 -2.15032e-08
0.575265 0.475 3.39533e-06 -1.96065e-08
0.575265 0.525 3.67094e-06 -1.69366e-08
0.575265 0.575 3.97078e-06 -1.50102e-08
0.575265 0.625 4.24344e-06 -1.26778e-08
0.575265 0.675 4.55161e-06 -1.09974e-08
0.575265 0.725 4.86902e-06 -9.09425e-09
0.575265 0.775 5.22379e-06 -6.97267e-09
0.575265 0.825 5.57091e-06 -5.4419e-09
0.575265 0.875 5.91699e-06 -3.85921e-09
0.575265 0.925 6.26145e-06 -2.19008e-09
0.575265 0.975 6.64292e-06 -7.40913e-10

0.589469 -0.975 1.07307e-07 -1.2019e-10
0.589469 -0.925 1.15358e-07 -4.36269e-10
0.589469 -0.875 1.20439e-07 -7.36328e-10
0.589469 -0.825 1.2588e-07 -1.126e-09
0.589469 -0.775 1.35307e-07 -1.30795e-09
0.589469 -0.725 1.40893e-07 -1.69599e-09
0.589469 -0.675 1.54209e-07 -2.10493e-09
0.589469 -0.625 1.67214e-07 -2.58962e-09
0.589469 -0.575 1.75952e-07 -2.91828e-09
0.589469 -0.525 1.94689e-07 -3.77634e-09
0.589469 -0.475 2.1308e-07 -3.79153e-09
0.589469 -0.425 2.35655e-07 -5.00545e-09
0.589469 -0.375 2.61415e-07 -5.95453e-09
0.589469 -0.325 3.10021e-07 -7.47784e-09
0.589469 -0.275 3.49516e-07 -9.71613e-09
0.589469 -0.225 4.22385e-07 -1.06123e-08
0.589469 -0.175 5.30778e-07 -1.45557e-08
0.589469 -0.125 7.05076e-07 -1.81256e-08
0.589469 -0.075 1.02503e-06 -2.46643e-08
0.589469 -0.025 1.70925e-06 -3.8512e-08
0.589469 0.025 2.20854e-06 -2.45914e-08
0.589469 0.075 2.29497e-06 -4.01155e-08
0.589469 0.125 2.4318e-06 -3.81044e-08
0.589469 0.175 2.54338e-06 -3.53685e-08
0.589469 0.225 2.61088e-06 -3.71323e-08
0.589469 0.275 2.67549e-06 -2.97156e-08
0.589469 0.325 2.83253e-06 -2.85318e-08
0.589469 0.375 2.94615e-06 -2.39194e-08
0.589469 0.425 3.17814e-06 -2.16648e-08
0.589469 0.475 3.37688e-06 -1.97011e-08
0.589469 0.525 3.64696e-06 -1.70664e-08
0.589469 0.575 3.94819e-06 -1.51158e-08
0.589469 0.625 4.21676e-06 -1.27807e-08
0.589469 0.675 4.52366e-06 -1.11312e-08
0.589469 0.725 4.84311e-06 -9.21724e-09
0.589469 0.775 5.19627e-06 -7.01863e-09
0.589469 0.825 5.54163e-06 -5.50226e-09
0.589469 0.875 5.88626e-06 -3.90459e-09
0.589469 0.925 6.22874e-06 -2.21978e-09
0.589469 0.975 6.60842e-06 -7.51784e-10

0.603673 -0.975 9.3108e-08 -1.05854e-10
0.603673 -0.925 9.87663e-08 -3.73281e-10
0.603673 -0.875 1.04e-07 -6.3207e-10
0.603673 -0.825 1.08867e-07 -9.88542e-10
0.603673 -0.775 1.17021e-07 -1.13666e-09
0.603673 -0.725 1.21733e-07 -1.51477e-09
0.603673 -0.675 1.32371e-07 -1.86642e-09
0.603673 -0.625 1.44308e-07 -2.21718e-09
0.603673 -0.575 1.513e-07 -2.60878e-09
0.603673 -0.525 1.68433e-07 -3.34396e-09
0.603673 -0.475 1.8444e-07 -3.33084e-09
0.603673 -0.425 2.03948e-07 -4.39272e-09
0.603673 -0.375 2.26683e-07 -5.14166e-09
0.603673 -0.325 2.6946e-07 -6.60049e-09
0.603673 -0.275 3.02705e-07 -8.38149e-09
0.603673 -0.225 3.67696e-07 -9.4548e-09
0.603673 -0.175 4.63316e-07 -1.26056e-08
0.603673 -0.125 6.22872e-07 -1.57178e-08
0.603673 -0.075 9.27676e-07 -2.1987e-08
0.603673 -0.025 1.70844e-06 -4.1963e-08
0.603673 0.025 2.10939e-06 -3.90244e-08
0.603673 0.075 2.27873e-06 -3.96865e-08
0.603673 0.125 2.41603e-06 -3.89898e-08
0.603673 0.175 2.53247e-06 -3.62595e-08
0.603673 0.225 2.5949e-06 -3.77758e-08
0.603673 0.275 2.66438e-06 -2.98066e-08
0.603673 0.325 2.82095e-06 -2.88008e-08
0.603673 0.375 2.93194e-06 -2.42343e-08
0.603673 0.425 3.16005e-06 -2.18728e-08
0.603673 0.475 3.36058e-06 -2.00339e-08
0.603673 0.525 3.62578e-06 -1.72391e-08
0.603673 0.575 3.92518e-06 -1.53168e-08
0.603673 0.625 4.19363e-06 -1.29087e-08
0.603673 0.675 4.49984e-06 -1.13565e-08
0.603673 0.725 4.8175e-06 -9.37681e-09
0.603673 0.775 5.1676e-06 -7.17791e-09
0.603673 0.825 5.51156e-06 -5.61364e-09
0.603673 0.875 5.85539e-06 -3.98e-09
0.603673 0.925 6.19576e-06 -2.2708e-09
0.603673 0.975 6.57514e-06 -7.67306e-10

0.617878 -0.975 7.84645e-08 -8.8798e-11
0.617878 -0.925 8.30152e-08 -3.15325e-10
0.617878 -0.875 8.72793e-08 -5.30926e-10
0.617878 -0.825 9.18066e-08 -8.53273e-10
0.617878 -0.775 9.87611e-08 -9.59059e-10
0.617878 -0.725 1.02506e-07 -1.30601e-09
0.617878 -0.675 1.11003e-07 -1.55293e-09
0.617878 -0.625 1.21835e-07 -1.90195e-09
0.617878 -0.575 1.27893e-07 -2.28664e-09
0.617878 -0.525 1.42575e-07 -2.85951e-09
0.617878 -0.475 1.55366e-07 -2.8503e-09
0.617878 -0.425 1.71877e-07 -3.78292e-09
0.617878 -0.375 1.90386e-07 -4.44146e-09
0.617878 -0.325 2.27064e-07 -5.6645e-09
0.617878 -0.275 2.55123e-07 -7.23858e-09
0.617878 -0.225 3.10256e-07 -8.0334e-09
0.617878 -0.175 3.974e-07 -1.086e-08
0.617878 -0.125 5.4083e-07 -1.34983e-08
0.617878 -0.075 8.13882e-07 -2.09553e-08
0.617878 -0.025 1.60526e-06 -3.42864e-08
0.617878 0.025 2.06086e-06 -4.97144e-08
0.617878 0.075 2.25686e-06 -4.04446e-08
0.617878 0.125 2.39376e-06 -3.92775e-08
0.617878 0.175 2.52179e-06 -3.64412e-08
0.617878 0.225 2.57912e-06 -3.81686e-08
0.617878 0.275 2.64924e-06 -3.02279e-08
0.617878 0.325 2.80253e-06 -2.91211e-08
0.617878 0.375 2.9165e-06 -2.47415e-08
0.617878 0.425 3.142e-06 -2.20293e-08
0.617878 0.475 3.3412e-06 -2.03615e-08
0.617878 0.525 3.60638e-06 -1.73865e-08
0.617878 0.575 3.90373e-06 -1.54464e-08
0.617878 0.625 4.16721e-06 -1.3017e-08
0.617878 0.675 4.47541e-06 -1.14976e-08
0.617878 0.725 4.79145e-06 -9.56349e-09
0.617878 0.775 5.13876e-06 -7.31076e-09
0.617878 0.825 5.48263e-06 -5.67567e-09
0.617878 0.875 5.82416e-06 -4.03453e-09
0.617878 0.925 6.16358e-06 -2.32632e-09
0.617878 0.975 6.54158e-06 -7.7864e-10

0.632082 -0.975 6.40377e-08 -7.29639e-11
0.632082 -0.925 6.79278e-08 -2.59334e-10
0.632082 -0.875 7.06965e-08 -4.29731e-10
0.632082 -0.825 7.46269e-08 -7.02567e-10
0.632082 -0.775 8.05546e-08 -7.87098e-10
0.632082 -0.725 8.2731e-08 -1.03126e-09
0.632082 -0.675 9.04501e-08 -1.29772e-09
0.632082 -0.625 9.8104e-08 -1.58288e-09
0.632082 -0.575 1.04184e-07 -1.92014e-09
0.632082 -0.525 1.15185e-07 -2.32084e-09
0.632082 -0.475 1.26189e-07 -2.39886e-09
0.632082 -0.425 1.38732e-07 -3.1458e-09
0.632082 -0.375 1.56659e-07 -3.60872e-09
0.632082 -0.325 1.84714e-07 -4.57891e-09
0.632082 -0.275 2.07945e-07 -5.89333e-09
0.632082 -0.225 2.54202e-07 -6.63658e-09
0.632082 -0.175 3.27845e-07 -9.0107e-09
0.632082 -0.125 4.50459e-07 -1.11497e-08
0.632082 -0.075 6.86337e-07 -1.84907e-08
0.632082 -0.025 1.44407e-06 -4.57605e-08
0.632082 0.025 2.03375e-06 -4.08479e-08
0.632082 0.075 2.24031e-06 -4.26091e-08
0.632082 0.125 2.37633e-06 -3.96104e-08
0.632082 0.175 2.50071e-06 -3.65231e-08
0.632082 0.225 2.56716e-06 -3.84119e-08
0.632082 0.275 2.63396e-06 -3.06969e-08
0.632082 0.325 2.78635e-06 -2.95298e-08
0.632082 0.375 2.89909e-06 -2.49467e-08
0.632082 0.425 3.12324e-06 -2.23921e-08
0.632082 0.475 3.31992e-06 -2.06812e-08
0.632082 0.525 3.58663e-06 -1.74442e-08
0.632082 0.575 3.88061e-06 -1.55414e-08
0.632082 0.625 4.14501e-06 -1.32108e-08
0.632082 0.675 4.44903e-06 -1.1611e-08
0.632082 0.725 4.76297e-06 -9.67899e-09
0.632082 0.775 5.1102e-06 -7.40867e-09
0.632082 0.825 5.45374e-06 -5.7547e-09
0.632082 0.875 5.79366e-06 -4.0861e-09
0.632082 0.925 6.13241e-06 -2.3739e-09
0.632082 0.975 6.50808e-06 -7.86602e-10

0.646286 -0.975 4.99646e-08 -5.86173e-11
0.646286 -0.925 5.22262e-08 -2.05725e-10
0.646286 -0.875 5.42456e-08 -3.29666e-10
0.646286 -0.825 5.77262e-08 -5.57056e-10
0.646286 -0.775 6.20378e-08 -6.10971e-10
0.646286 -0.725 6.42709e-08 -8.32338e-10
0.646286 -0.675 7.00955e-08 -1.07376e-09
0.646286 -0.625 7.51898e-08 -1.2658e-09
0.646286 -0.575 8.04826e-08 -1.57917e-09
0.646286 -0.525 8.92061e-08 -1.79431e-09
0.646286 -0.475 9.84984e-08 -1.91999e-09
0.646286 -0.425 1.07249e-07 -2.53132e-09
0.646286 -0.375 1.21956e-07 -2.90162e-09
0.646286 -0.325 1.42007e-07 -3.65047e-09
0.646286 -0.275 1.60701e-07 -4.45487e-09
0.646286 -0.225 1.96335e-07 -4.99695e-09
0.646286 -0.175 2.56365e-07 -7.14876e-09
0.646286 -0.125 3.56873e-07 -8.66153e-09
0.646286 -0.075 5.55501e-07 -1.43281e-08
0.646286 -0.025 1.31073e-06 -3.29393e-08
0.646286 0.025 2.0537e-06 -3.65088e-08
0.646286 0.075 2.20533e-06 -4.37129e-08
0.646286 0.125 2.36112e-06 -4.00752e-08
0.646286 0.175 2.48073e-06 -3.66075e-08
0.646286 0.225 2.54719e-06 -3.84587e-08
0.646286 0.275 2.61709e-06 -3.10868e-08
0.646286 0.325 2.76887e-06 -2.98083e-08
0.646286 0.375 2.88285e-06 -2.52983e-08
0.646286 0.425 3.10457e-06 -2.26818e-08
0.646286 0.475 3.30121e-06 -2.09377e-08
0.646286 0.525 3.56679e-06 -1.76219e-08
0.646286 0.575 3.85627e-06 -1.56814e-08
0.646286 0.625 4.12237e-06 -1.34564e-08
0.646286 0.675 4.42308e-06 -1.17016e-08
0.646286 0.725 4.73451e-06 -9.80811e-09
0.646286 0.775 5.0813e-06 -7.52305e-09
0.646286 0.825 5.42439e-06 -5.79195e-09
0.646286 0.875 5.76465e-06 -4.14706e-09
0.646286 0.925 6.10244e-06 -2.4051e-09
0.646286 0.975 6.47533e-06 -7.94723e-10

0.66049 -0.975 3.53661e-08 -4.16361e-11
0.66049 -0.925 3.72464e-08 -1.46939e-10
0.66049 -0.875 3.90064e-08 -2.33411e-10
0.66049 -0.825 4.08662e-08 -3.86133e-10
0.66049 -0.775 4.40883e-08 -4.19644e-10
0.66049 -0.725 4.5913e-08 -6.5129e-10
0.66049 -0.675 4.82568e-08 -7.84377e-10
0.66049 -0.625 5.30027e-08 -9.02178e-10
0.66049 -0.575 5.79689e-08 -1.15726e-09
0.66049 -0.525 6.35273e-08 -1.26688e-09
0.66049 -0.475 7.06941e-08 -1.41302e-09
0.66049 -0.425 7.78063e-08 -1.91444e-09
0.66049 -0.375 8.70048e-08 -2.12192e-09
0.66049 -0.325 1.02053e-07 -2.75753e-09
0.66049 -0.275 1.13779e-07 -3.33261e-09
0.66049 -0.225 1.41662e-07 -3.6626e-09
0.66049 -0.175 1.82538e-07 -4.86138e-09
0.66049 -0.125 2.59317e-07 -6.15599e-09
0.66049 -0.075 4.04925e-07 -1.09326e-08
0.66049 -0.025 1.06684e-06 -2.81305e-08
0.66049 0.025 2.01711e-06 -4.05571e-08
0.66049 0.075 2.17802e-06 -4.40704e-08
0.66049 0.125 2.34402e-06 -4.06763e-08
0.66049 0.175 2.45619e-06 -3.70166e-08
0.66049 0.225 2.525e-06 -3.80114e-08
0.66049 0.275 2.60219e-06 -3.15981e-08
0.66049 0.325 2.75164e-06 -3.02345e-08
0.66049 0.375 2.86567e-06 -2.58033e-08
0.66049 0.425 3.08738e-06 -2.2823e-08
0.66049 0.475 3.2806e-06 -2.11302e-08
0.66049 0.525 3.54551e-06 -1.79035e-08
0.66049 0.575 3.83478e-06 -1.59175e-08
0.66049 0.625 4.09786e-06 -1.37107e-08
0.66049 0.675 4.39822e-06 -1.19401e-08
0.66049 0.725 4.70769e-06 -9.93228e-09
0.66049 0.775 5.05374e-06 -7.62045e-09
0.66049 0.825 5.39448e-06 -5.85233e-09
0.66049 0.875 5.73489e-06 -4.20765e-09
0.66049 0.925 6.07071e-06 -2.4153e-09
0.66049 0.975 6.44306e-06 -8.07395e-10

0.674694 -0.975 2.07771e-08 -2.47048e-11
0.674694 -0.925 2.20655e-08 -7.90427e-11
0.674694 -0.875 2.33191e-08 -1.43791e-10
0.674694 -0.825 2.44427e-08 -2.29625e-10
0.674694 -0.775 2.66918e-08 -2.70837e-10
0.674694 -0.725 2.76091e-08 -3.78898e-10
0.674694 -0.675 2.83876e-08 -4.76733e-10
0.674694 -0.625 3.10502e-08 -5.47401e-10
0.674694 -0.575 3.44938e-08 -6.71695e-10
0.674694 -0.525 3.84143e-08 -7.84868e-10
0.674694 -0.475 4.23839e-08 -7.95215e-10
0.674694 -0.425 4.76839e-08 -1.05755e-09
0.674694 -0.375 5.14366e-08 -1.22115e-09
0.674694 -0.325 6.02617e-08 -1.66054e-09
0.674694 -0.275 6.84918e-08 -1.97869e-09
0.674694 -0.225 8.6053e-08 -2.33041e-09
0.674694 -0.175 1.11393e-07 -3.0893e-09
0.674694 -0.125 1.52558e-07 -3.4304e-09
0.674694 -0.075 2.60858e-07 -8.13847e-09
0.674694 -0.025 8.12496e-07 -2.3914e-08
0.674694 0.025 2.01257e-06 -4.17299e-08
0.674694 0.075 2.15508e-06 -4.32172e-08
0.674694 0.125 2.31848e-06 -4.12005e-08
0.674694 0.175 2.43186e-06 -3.73219e-08
0.674694 0.225 2.50522e-06 -3.78672e-08
0.674694 0.275 2.58459e-06 -3.21083e-08
0.674694 0.325 2.73045e-06 -3.04963e-08
0.674694 0.375 2.84952e-06 -2.61872e-08
0.674694 0.425 3.06864e-06 -2.32435e-08
0.674694 0.475 3.26049e-06 -2.13724e-08
0.674694 0.525 3.526e-06 -1.81598e-08
0.674694 0.575 3.81249e-06 -1.62509e-08
0.674694 0.625 4.07299e-06 -1.4005e-08
0.674694 0.675 4.37372e-06 -1.20876e-08
0.674694 0.725 4.68024e-06 -1.00716e-08
0.674694 0.775 5.02623e-06 -7.7354e-09
0.674694 0.825 5.36366e-06 -5.94101e-09
0.674694 0.875 5.70409e-06 -4.28744e-09
0.674694 0.925 6.03825e-06 -2.45944e-09
0.674694 0.975 6.41059e-06 -8.22033e-10

0.688898 -0.975 6.80417e-09 -9.02117e-12
0.688898 -0.925 7.21559e-09 -3.03624e-11
0.688898 -0.875 7.94579e-09 -4.92684e-11
0.688898 -0.825 8.39838e-09 -7.47965e-11
0.688898 -0.775 8.73962e-09 -1.07934e-10
0.688898 -0.725 9.19342e-09 -1.1046e-10
0.688898 -0.675 9.52562e-09 -1.7856e-10
0.688898 -0.625 9.74663e-09 -1.61447e-10
0.688898 -0.575 1.17266e-08 -2.42818e-10
0.688898 -0.525 1.24016e-08 -2.45086e-10
0.688898 -0.475 1.35902e-08 -2.02342e-10
0.688898 -0.425 1.55939e-08 -3.04887e-10
0.688898 -0.375 1.76016e-08 -3.90069e-10
0.688898 -0.325 2.0224e-08 -4.72716e-10
0.688898 -0.275 2.33822e-08 -6.394e-10
0.688898 -0.225 2.89286e-08 -7.81106e-10
0.688898 -0.175 3.8451e-08 -9.69526e-10
0.688898 -0.125 5.18765e-08 -1.2583e-09
0.688898 -0.075 9.61414e-08 -2.88952e-09
0.688898 -0.025 3.69019e-07 -1.02273e-08
0.688898 0.025 1.96994e-06 -4.13626e-08
0.688898 0.075 2.12829e-06 -4.35268e-08
0.688898 0.125 2.29841e-06 -4.07933e-08
0.688898 0.175 2.41314e-06 -3.84571e-08
0.688898 0.225 2.48699e-06 -3.81448e-08
0.688898 0.275 2.56707e-06 -3.2449e-08
0.688898 0.325 2.70689e-06 -3.0648e-08
0.688898 0.375 2.83178e-06 -2.64477e-08
0.688898 0.425 3.04692e-06 -2.37103e-08
0.688898 0.475 3.23742e-06 -2.1728e-08
0.688898 0.525 3.50515e-06 -1.84467e-08
0.688898 0.575 3.78936e-06 -1.63876e-08
0.688898 0.625 4.04714e-06 -1.42518e-08
0.688898 0.675 4.34849e-06 -1.22454e-08
0.688898 0.725 4.65107e-06 -1.01699e-08
0.688898 0.775 4.9986e-06 -7.8391e-09
0.688898 0.825 5.33297e-06 -6.01256e-09
0.688898 0.875 5.67257e-06 -4.34882e-09
0.688898 0.925 6.00647e-06 -2.50958e-09
0.688898 0.975 6.3795e-06 -8.33825e-10

