# z   J0   J2   K0   K2   weight of the Dirac of the sunlight   at nu=0.678537, kappa_nu=0.5
0.00710204 3.44628e-06 1.39797e-06 -1.05299e-08 -1.56273e-09 4.14598e-07
0.0213061 3.45964e-06 1.39056e-06 -1.08371e-08 -1.58625e-09 4.20529e-07
0.0355102 3.46268e-06 1.38309e-06 -1.13157e-08 -1.60937e-09 4.26545e-07
0.0497143 3.46427e-06 1.3757e-06 -1.15716e-08 -1.62753e-09 4.32647e-07
0.0639184 3.46167e-06 1.36831e-06 -1.19449e-08 -1.64742e-09 4.38836e-07
0.0781224 3.45549e-06 1.36091e-06 -1.19442e-08 -1.66829e-09 4.45114e-07
0.0923265 3.44899e-06 1.35362e-06 -1.21331e-08 -1.68694e-09 4.51482e-07
0.106531 3.44281e-06 1.34626e-06 -1.21678e-08 -1.70134e-09 4.5794e-07
0.120735 3.43239e-06 1.339e-06 -1.22249e-08 -1.71925e-09 4.64491e-07
0.134939 3.42506e-06 1.33172e-06 -1.25578e-08 -1.73863e-09 4.71136e-07
0.149143 3.41524e-06 1.32435e-06 -1.30321e-08 -1.75569e-09 4.77876e-07
0.163347 3.40305e-06 1.31696e-06 -1.311e-08 -1.76935e-09 4.84712e-07
0.177551 3.39172e-06 1.30967e-06 -1.33289e-08 -1.78576e-09 4.91646e-07
0.191755 3.37693e-06 1.30242e-06 -1.33827e-08 -1.80031e-09 4.98679e-07
0.205959 3.36842e-06 1.29518e-06 -1.34398e-08 -1.81513e-09 5.05813e-07
0.220163 3.35458e-06 1.2879e-06 -1.34729e-08 -1.82559e-09 5.13049e-07
0.234367 3.3378e-06 1.28069e-06 -1.36748e-08 -1.83776e-09 5.20388e-07
0.248571 3.32685e-06 1.27344e-06 -1.36772e-08 -1.85165e-09 5.27833e-07
0.262776 3.31447e-06 1.26631e-06 -1.37299e-08 -1.86601e-09 5.35384e-07
0.27698 3.29894e-06 1.25908e-06 -1.38473e-08 -1.87927e-09 5.43043e-07
0.291184 3.28197e-06 1.25183e-06 -1.39803e-08 -1.89117e-09 5.50811e-07
0.305388 3.27042e-06 1.24474e-06 -1.45145e-08 -1.90307e-09 5.58691e-07
0.319592 3.25458e-06 1.23766e-06 -1.45778e-08 -1.91271e-09 5.66683e-07
0.333796 3.23849e-06 1.23067e-06 -1.47685e-08 -1.92218e-09 5.7479e-07
0.348 3.2194e-06 1.22096e-06 -1.50721e-08 -1.93507e-09 5.86126e-07
0.362204 3.18518e-06 1.20602e-06 -1.57426e-08 -1.96043e-09 5.97686e-07
0.376408 3.14485e-06 1.18841e-06 -1.65953e-08 -1.99136e-09 6.06236e-07
0.390612 3.1028e-06 1.17093e-06 -1.67681e-08 -2.00494e-09 6.14909e-07
0.404816 3.06027e-06 1.15357e-06 -1.70256e-08 -2.02957e-09 6.23705e-07
0.41902 3.01734e-06 1.13609e-06 -1.71821e-08 -2.03641e-09 6.32627e-07
0.433224 2.97367e-06 1.11858e-06 -1.73555e-08 -2.03552e-09 6.41677e-07
0.447429 2.9247e-06 1.10125e-06 -1.74542e-08 -2.0226e-09 6.50857e-07
0.461633 2.87497e-06 1.08388e-06 -1.7083e-08 -2.00352e-09 6.60168e-07
0.475837 2.81801e-06 1.06661e-06 -1.68791e-08 -1.98784e-09 6.69612e-07
0.490041 2.76194e-06 1.0494e-06 -1.61081e-08 -1.96214e-09 6.79191e-07
0.504245 2.70665e-06 1.0324e-06 -1.53991e-08 -1.93205e-09 6.88907e-07
0.518449 2.6485e-06 1.01533e-06 -1.46306e-08 -1.89605e-09 6.98762e-07
0.532653 2.59766e-06 1.00088e-06 -1.41018e-08 -1.86436e-09 7.04993e-07
0.546857 2.56609e-06 9.91679e-07 -1.37951e-08 -1.84572e-09 7.11279e-07
0.561061 2.54403e-06 9.84958e-07 -1.37981e-08 -1.82948e-09 7.21455e-07
0.575265 2.5187e-06 9.78285e-07 -1.36978e-08 -1.81361e-09 7.31775e-07
0.589469 2.49458e-06 9.71605e-07 -1.34695e-08 -1.7977e-09 7.42244e-07
0.603673 2.47028e-06 9.64947e-07 -1.36714e-08 -1.78013e-09 7.52862e-07
0.617878 2.4436e-06 9.58262e-07 -1.35458e-08 -1.75899e-09 7.63632e-07
0.632082 2.4155e-06 9.51587e-07 -1.33806e-08 -1.73366e-09 7.74556e-07
0.646286 2.3887e-06 9.45028e-07 -1.26487e-08 -1.70998e-09 7.85636e-07
0.66049 2.35745e-06 9.38527e-07 -1.23375e-08 -1.68741e-09 7.96875e-07
0.674694 2.32654e-06 9.31986e-07 -1.19447e-08 -1.66407e-09 8.08275e-07
0.688898 2.28954e-06 9.25447e-07 -1.12414e-08 -1.63808e-09 8.19838e-07
